-26.363564 -4.862965 25.230406
-23.831619 -10.774548 23.135572
-21.806063 -15.503815 21.459705
-20.337460 -19.432541 20.551577
-19.162577 -22.575520 19.825073
-18.070827 -24.799278 18.667118
-17.197430 -26.578285 17.740757
-16.498711 -28.292114 17.143850
-15.939734 -29.663177 16.666330
-15.796242 -30.614716 16.716875
-15.681447 -31.375946 16.757311
-15.437768 -31.839622 16.501286
-15.242824 -32.210564 16.296465
-14.783183 -32.943253 16.132608
-14.415470 -33.529404 16.001522
-14.424986 -33.707703 15.896653
-14.432598 -33.850342 15.812758
-14.286846 -33.964447 15.601455
-14.170243 -34.055733 15.432412
-14.076962 -34.128761 15.297177
-14.002337 -34.187187 15.188990
-13.942636 -34.088615 14.814063
-13.894876 -34.009758 14.514123
-14.160354 -33.801353 14.706735
-14.372737 -33.634636 14.860823
-14.542642 -33.646568 14.839907
-14.678567 -33.656120 14.823174
-14.635465 -33.809074 15.386539
-14.600981 -33.931435 15.837231
-14.725239 -33.884010 16.197784
-14.824644 -33.846069 16.486227
-14.448639 -34.106346 16.428606
-14.147835 -34.314568 16.382507
-14.059035 -34.190514 16.345631
-14.159015 -34.209930 16.533182
-13.995150 -34.285873 16.672098
-14.088730 -34.312874 16.865677
-14.163593 -34.334473 17.020542
-14.375329 -34.061127 17.144432
-14.544717 -33.842453 17.243547
-14.528383 -33.522202 17.322836
-14.515317 -33.265999 17.386269
-14.201177 -33.351662 17.292826
-13.949864 -33.420189 17.218073
-13.861294 -33.518875 17.110426
-13.829803 -33.408653 17.216341
-13.632609 -33.685867 17.368858
-13.495012 -33.978180 17.423086
-13.688619 -34.066719 17.610657
-13.843506 -34.137550 17.760712
-13.663728 -34.339531 17.592382
-13.519905 -34.501114 17.457718
-13.404848 -34.630379 17.494173
-13.312802 -34.733788 17.523340
-13.239165 -34.671204 17.402483
-12.981285 -34.726402 17.372637
-12.822108 -34.810608 17.426109
-12.846610 -34.877975 17.036324
-12.866211 -34.931870 16.724495
-12.730049 -35.265610 16.330845
-12.621120 -35.532600 16.015923
-12.078445 -36.036819 15.043047
-11.644307 -36.440193 14.264746
-11.145152 -36.908203 13.642106
-10.745829 -37.282616 13.143993
-11.033744 -37.582146 12.024565
-11.264075 -37.821770 11.129020
-11.296497 -37.868156 9.547458
-11.322434 -37.905266 8.282208
-11.039497 -37.934952 6.116506
-10.813148 -37.958702 4.383944
-10.632070 -37.687073 1.556015
-10.487206 -37.469772 -0.706328
-10.067628 -37.150620 -3.381329
-9.731966 -36.895294 -5.521330
-9.159750 -36.691032 -7.521708
-8.701977 -36.527626 -9.122008
-8.791288 -36.542213 -10.402249
-8.862738 -36.553886 -11.426442
-9.223584 -36.708534 -11.236483
-9.512260 -36.832253 -11.084513
-9.439515 -37.076538 -10.386187
-9.381319 -37.271973 -9.827525
-9.942136 -37.718941 -8.515470
-10.390789 -38.076515 -7.465825
-11.205241 -38.071953 -5.760982
-11.856803 -38.068298 -4.397107
-13.289112 -37.629440 -2.585068
-14.434960 -37.278351 -1.135437
-16.110853 -36.270920 1.177772
-17.451569 -35.464973 3.028338
-18.524141 -34.674904 4.941355
-19.382200 -34.042847 6.471768
-20.220491 -32.955956 8.128663
-20.891123 -32.086441 9.454178
-21.123941 -31.390831 10.947154
-21.310196 -30.834343 12.141535
-22.218416 -29.662590 13.673792
-22.944994 -28.725185 14.899596
-23.374413 -27.248699 16.456991
-23.717947 -26.067509 17.702909
-24.448305 -24.250683 18.988018
-25.032589 -22.797222 20.016104
-25.348173 -20.471954 21.703703
-25.600643 -18.611740 23.053778
-25.498932 -16.832943 24.854780
-25.417562 -15.409904 26.295582
-25.807995 -13.835537 27.015659
-26.120344 -12.576042 27.591721
-25.459160 -12.004383 28.485134
-24.930216 -11.547058 29.199863
-24.810745 -11.035885 29.771648
-24.715168 -10.626945 30.229076
-24.790552 -10.154480 30.450830
-24.850859 -9.776508 30.628235
-25.354633 -9.328819 30.481781
-25.757652 -8.970669 30.364618
-25.928225 -8.974773 30.415077
-26.064684 -8.978058 30.455444
-26.629379 -8.835373 30.199360
-27.081137 -8.721222 29.994493
-26.835171 -8.775215 29.830601
-26.638395 -8.818409 29.699486
-26.329134 -8.852966 29.882969
-26.081722 -8.880611 30.029757
-26.035639 -8.902725 29.858810
-25.998770 -8.920418 29.722054
-26.272963 -8.934570 28.891710
-26.492317 -8.945892 28.227434
-27.275173 -8.809639 27.840200
-27.901459 -8.700638 27.530415
-28.250643 -8.904060 26.994209
-28.529991 -9.066799 26.565247
-28.753469 -9.196991 26.077887
-28.932251 -9.301144 25.688002
-29.227121 -9.384464 25.808657
-29.463017 -9.451122 25.905180
-29.499891 -9.504448 26.270773
-29.529388 -9.547108 26.563250
-29.097458 -9.871864 26.797230
-28.751913 -10.131668 26.984413
-29.082850 -10.339512 26.701597
-29.347599 -10.505787 26.475344
-29.103868 -10.784119 26.294342
-28.908886 -11.006783 26.149540
-29.208427 -11.475540 25.745321
-29.448063 -11.850544 25.421949
-29.791613 -11.569298 24.586496
-30.066452 -11.344303 23.918135
-30.590014 -12.036182 23.383448
-31.008860 -12.589684 22.955698
-31.192095 -12.596546 23.046061
-31.338682 -12.602036 23.118351
-31.152266 -12.751743 23.320370
-31.003132 -12.871510 23.481987
-30.580139 -12.822006 23.611280
-30.241743 -12.782406 23.714714
-29.819185 -12.896038 24.230026
-29.481138 -12.986942 24.642275
-29.210699 -12.914352 24.827887
-28.994350 -12.856281 24.976376
-28.517584 -12.373890 25.671917
-28.136169 -11.987976 26.228352
-27.071821 -11.388618 27.250252
-26.220345 -10.909134 28.067770
-26.146536 -10.234921 28.721786
-26.087490 -9.695549 29.244999
-26.040251 -9.118740 29.231005
-26.002460 -8.657291 29.219810
-25.972229 -8.142822 29.355042
-25.948042 -7.731247 29.463226
-25.321321 -7.401985 29.982338
-24.819942 -7.138577 30.397627
-23.204094 -6.637222 31.450798
-21.911417 -6.236141 32.293335
-19.510683 -5.624649 33.255741
-17.590096 -5.135456 34.025665
-14.838881 -4.598789 34.929981
-12.637909 -4.169456 35.653435
-10.117913 -3.971302 36.088005
-8.101918 -3.812778 36.435669
-5.274375 -3.976585 36.857983
-3.012341 -4.107632 37.195831
-0.747183 -4.648407 37.177738
1.064943 -5.081028 37.163265
3.122016 -5.717747 36.863308
4.767675 -6.227123 36.623341
6.084202 -7.506500 36.431370
7.137424 -8.529999 36.277790
7.220787 -9.930050 36.299118
7.287475 -11.050091 36.316177
7.188983 -11.800812 36.329826
7.110189 -12.401390 36.340748
6.287938 -13.172474 36.205296
5.630136 -13.789341 36.096931
4.952052 -14.428150 36.154427
4.409585 -14.939198 36.200428
3.216394 -15.493347 36.381416
2.261842 -15.936665 36.526203
0.435297 -16.291321 36.353657
-1.025939 -16.575047 36.215626
-3.409675 -16.220776 35.961006
-5.316663 -15.937359 35.757313
-8.360688 -15.274689 35.017605
-10.795907 -14.744553 34.425842
-13.806986 -13.884506 33.519867
-16.215847 -13.196468 32.795086
-19.205843 -11.774162 31.782700
-21.597836 -10.636318 30.972790
-23.966963 -9.290104 29.603922
-25.862265 -8.213135 28.508827
-27.530348 -6.770309 27.344378
-28.864815 -5.616047 26.412815
-30.084230 -3.966076 25.235003
-31.059765 -2.646099 24.292753
-32.143879 -1.008865 22.673826
-33.011169 0.300919 21.378685
-33.704998 2.075310 19.910007
-34.260071 3.494823 18.735067
-34.400433 5.356997 16.929985
-34.512726 6.846735 15.485922
-34.906246 8.765087 13.609731
-35.221066 10.299768 12.108778
-35.624763 11.672827 9.898700
-35.947723 12.771275 8.130639
-36.054241 13.650032 5.274310
-36.139462 14.353039 2.989248
-36.207634 14.770130 0.151882
-36.262173 15.103804 -2.118010
-36.305805 15.370743 -4.943239
-36.340714 15.584293 -7.203422
-36.672321 15.609821 -9.155756
-36.937611 15.630245 -10.717624
-36.694309 15.210646 -12.111306
-36.499672 14.874966 -13.226252
-35.888432 14.315798 -14.406585
-35.399437 13.868464 -15.350849
-35.160084 12.638721 -17.115576
-34.968605 11.654926 -18.527357
-34.511734 9.996016 -19.800972
-34.146236 8.668886 -20.819862
-33.550152 6.589996 -21.923351
-33.073284 4.926884 -22.806141
-32.691792 3.015144 -23.368185
-32.386597 1.485752 -23.817822
-32.142441 0.262238 -24.321718
-31.947115 -0.716572 -24.724834
-32.246387 -0.918369 -24.758953
-32.485802 -1.079807 -24.786249
-33.588398 -0.337086 -23.798769
-34.470467 0.257092 -23.008785
-35.479813 2.621498 -20.502356
-36.287289 4.513023 -18.497211
-36.022213 7.769993 -15.162843
-35.810150 10.375568 -12.495347
-33.362850 14.203779 -7.765969
-31.405008 17.266348 -3.982466
-27.105558 19.571091 1.639718
-23.665997 21.414885 6.137465
-18.636696 21.727421 11.177542
-14.613258 21.977448 15.209601
-10.483447 21.160282 19.012003
-7.179598 20.506550 22.053923
-3.169930 18.530439 24.775835
0.037806 16.949551 26.953365
3.970583 14.086403 28.407013
7.116806 11.795883 29.569931
10.393001 8.074406 30.067701
13.013956 5.097223 30.465919
16.173624 1.262352 29.630989
18.701359 -1.805546 28.963047
21.179075 -4.550488 27.419376
23.161251 -6.746441 26.184439
25.202518 -8.357891 24.187174
26.835533 -9.647053 22.589363
28.749319 -9.806507 20.590176
30.280350 -9.934071 18.990824
32.264389 -8.582993 17.134594
33.851620 -7.502132 15.649608
34.969563 -5.039005 13.308115
35.863918 -3.068504 11.434923
36.123871 0.106335 9.503804
36.331829 2.646206 7.958910
36.194511 5.985914 5.857866
36.084660 8.657681 4.177032
35.085716 11.957594 2.976553
34.286560 14.597525 2.016169
32.280647 17.726658 2.257177
30.675919 20.229963 2.449984
28.177389 22.813858 3.757732
26.178566 24.880974 4.803931
23.516600 26.389355 6.506017
21.387030 27.596058 7.867686
19.531530 27.689547 10.687276
18.047131 27.764336 12.942947
17.011454 26.806982 15.900988
16.182911 26.041098 18.267418
15.216392 23.829952 21.602444
14.443175 22.061037 24.270464
13.217230 19.192780 26.981632
12.236473 16.898174 29.150566
10.388965 13.899988 31.318275
8.910956 11.501440 33.052441
6.665648 7.838852 34.583965
4.869401 4.908781 35.809189
2.521344 1.547539 36.356792
0.642899 -1.141457 36.794888
-1.770917 -3.728592 37.145355
-3.701971 -5.798298 37.425732
-6.613404 -8.035313 36.929092
-8.942550 -9.824924 36.531784
-12.627986 -10.820679 34.916245
-15.576335 -11.617283 33.623814
-19.301605 -11.237377 31.003801
-22.281820 -10.933453 28.907793
-25.577053 -9.382500 25.933294
-28.213238 -8.141739 23.553696
-30.777716 -5.986629 20.929077
-32.829300 -4.262543 18.829384
-34.470566 -1.430149 17.293816
-35.783581 0.835766 16.065361
-36.226616 3.084438 15.370974
-36.581047 4.883375 14.815462
-36.105373 7.775650 14.659431
-35.724834 10.089470 14.534604
-34.205658 12.812401 15.155683
-32.990318 14.990746 15.652546
-30.651455 17.169359 16.915163
-28.780363 18.912251 17.925257
-26.524275 20.451874 19.310083
-24.719402 21.683575 20.417946
-23.427349 22.523623 21.304235
-22.393705 23.195660 22.013266
-21.870478 23.587978 22.580490
-21.451895 23.901833 23.034269
-21.395773 23.830658 23.168636
-21.679504 23.514725 23.072224
-21.906488 23.261980 22.995092
-22.088078 23.059784 22.933388
-22.233349 22.898026 22.884026
-22.349567 22.623308 22.556158
-22.442539 22.403534 22.293865
-22.972446 21.937090 22.228220
-23.396376 21.563934 22.175703
-23.887362 21.120098 21.989504
-24.280149 20.765028 21.840540
-23.987003 21.207535 22.298124
-23.752491 21.561541 22.664188
-22.350132 22.135368 23.245419
-21.228247 22.594433 23.710400
-18.812304 22.816372 24.514948
-16.879549 22.993921 25.158588
-13.814914 23.135962 26.250252
-11.363205 23.249594 27.123583
-7.427875 22.323311 28.254810
-4.279611 21.582287 29.159794
0.364807 19.681654 30.027967
4.080340 18.161148 30.722507
8.115671 14.765055 30.701387
11.343936 12.048182 30.684490
15.293139 7.985620 29.229095
18.452501 4.735571 28.064777
22.194735 1.263657 24.970507
25.188522 -1.513874 22.495089
28.039085 -4.026524 17.919373
30.319532 -6.036644 14.258802
32.143890 -7.499428 9.023337
33.603378 -8.669655 4.834966
34.163593 -8.879276 -0.101797
34.611767 -9.046970 -4.051208
34.362930 -8.018627 -8.508428
34.163864 -7.195953 -12.074203
33.397236 -4.648750 -15.647763
32.783932 -2.610989 -18.506611
31.534075 0.472347 -20.793688
30.534191 2.939014 -22.623350
29.126907 6.365475 -23.510330
28.001081 9.106642 -24.219913
26.796736 12.607388 -22.913139
25.833258 15.407986 -21.867718
24.910633 18.375027 -19.589502
24.172531 20.748659 -17.766928
24.341269 22.647564 -14.146053
24.476255 24.166689 -11.249352
24.584248 24.800739 -6.913361
24.670639 25.307978 -3.444568
25.195284 23.824707 1.349097
25.615000 22.638090 5.184028
25.191557 20.090359 10.270604
24.852802 18.052174 14.339866
23.215208 14.387251 19.181341
21.905132 11.455313 23.054522
18.275736 7.511326 26.729816
15.372218 4.356136 29.670053
10.771753 0.669483 31.733868
7.091383 -2.279839 33.384918
1.869436 -5.511173 33.552258
-2.308122 -8.096241 33.686127
-8.079660 -9.292419 32.351341
-12.696892 -10.249363 31.283516
-17.605423 -10.288353 28.843189
-21.532248 -10.319546 26.890926
-25.129238 -9.181999 24.175613
-28.006828 -8.271961 22.003365
-30.764435 -6.526745 19.256248
-32.970516 -5.130569 17.058556
-34.279854 -1.543320 14.723650
-35.327320 1.326481 12.855725
-34.798710 6.092634 11.361385
-34.375816 9.905558 10.165915
-31.911695 14.118397 9.786288
-29.940399 17.488667 9.482588
-26.693087 20.620821 10.537318
-24.095236 23.126545 11.381103
-20.194836 25.276436 12.632882
-17.074516 26.996347 13.634305
-12.756140 27.936340 15.156383
-9.301439 28.688335 16.374044
-4.563715 28.272743 17.924927
-0.773536 27.940269 19.165632
4.384413 26.221165 19.869822
8.510772 24.845882 20.433170
13.937667 21.711281 19.441973
18.279182 19.203598 18.649014
23.118986 15.163078 15.996016
26.990829 11.930662 13.873617
29.480928 7.746292 10.589633
31.473007 4.398796 7.962445
32.611141 0.848923 4.274629
33.521648 -1.990974 1.324375
33.794525 -4.262894 -2.621895
34.012825 -6.080429 -5.778910
33.276405 -6.807896 -9.458026
32.687271 -7.389866 -12.401318
31.760431 -7.128880 -15.765266
31.018961 -6.920094 -18.456425
29.666567 -4.863998 -21.762856
28.584652 -3.219124 -24.408001
26.504377 -0.159473 -26.524117
24.840155 2.288246 -28.217007
22.749557 4.391735 -29.427132
21.077084 6.074526 -30.395233
20.953850 8.147320 -30.448774
20.855263 9.805555 -30.491610
22.294823 11.858707 -28.651434
23.446476 13.501228 -27.179295
24.671480 15.251183 -23.550386
25.651485 16.651146 -20.647263
26.587332 17.480492 -15.585192
27.336010 18.143969 -11.535536
27.631268 17.512249 -5.267865
27.867474 17.006874 -0.253729
27.145376 14.713512 6.064586
26.567699 12.878822 11.119238
24.283438 10.248569 16.316463
22.456030 8.144367 20.474241
19.323828 5.007879 24.377216
16.818066 2.498688 27.499598
12.839491 -0.816475 29.853315
9.656632 -3.468605 31.736288
4.984539 -6.462185 32.665916
1.246864 -8.857048 33.409615
-3.413552 -11.208878 32.130135
-7.141885 -13.090340 31.106548
-11.339298 -15.176758 28.701614
-14.697228 -16.845894 26.777668
-18.294634 -18.326515 23.508255
-21.172556 -19.511013 20.892723
-23.474897 -20.603924 18.800301
-25.316765 -21.478252 17.126360
-26.031046 -21.887089 17.084900
-26.602472 -22.214157 17.051733
-25.693022 -21.313313 19.476389
-24.965458 -20.592640 21.416117
-21.802074 -18.853600 24.553965
-19.271366 -17.462368 27.064245
-14.209933 -15.768131 29.072470
-10.160788 -14.412743 30.679047
-3.732760 -13.037807 30.954996
1.409661 -11.937859 31.175755
7.497561 -10.331337 29.622107
12.367881 -9.046120 28.379189
17.175198 -7.727322 25.942974
21.021051 -6.672283 23.994003
24.553263 -5.392315 21.858074
27.379032 -4.368340 20.149330
29.335960 -4.130409 19.070713
30.901503 -3.940063 18.207819
31.850252 -5.386227 17.805878
32.609249 -6.543159 17.484327
32.760918 -8.485889 16.506145
32.882252 -10.040073 15.723600
33.131161 -11.574047 14.953377
33.330292 -12.801228 14.337197
33.337753 -14.654846 12.979127
33.343719 -16.137741 11.892671
32.892967 -18.195930 10.590941
32.532364 -19.842484 9.549560
31.180979 -22.031601 7.707138
30.099869 -23.782894 6.233201
28.475763 -25.619865 4.477300
27.176479 -27.089443 3.072578
25.074148 -28.846355 1.516238
23.392284 -30.251884 0.271166
22.046793 -31.521622 -1.013268
20.970400 -32.537407 -2.040815
18.894541 -33.495354 -3.295417
17.233852 -34.261711 -4.299098
14.994240 -35.020111 -4.957854
13.202551 -35.626831 -5.484860
10.706297 -36.548141 -4.464585
8.709293 -37.285187 -3.648366
6.959848 -37.584198 -0.255820
5.560291 -37.823410 2.458216
5.199862 -36.852280 6.792264
4.911519 -36.075371 10.259502
6.047436 -32.983536 15.051922
6.956169 -30.510063 18.885857
9.049745 -26.060974 22.385572
10.724606 -22.501705 25.185341
13.431083 -17.183975 26.704218
15.596265 -12.929794 27.919319
17.935783 -8.218636 26.728582
19.807398 -4.449707 25.775993
21.760221 0.309185 23.860418
23.322479 4.116299 22.327959
24.724129 8.033863 19.515924
25.845448 11.167915 17.266296
26.438816 14.256407 13.880527
26.913509 16.727200 11.171912
26.230366 19.139772 7.851517
25.683849 21.069830 5.195201
24.183733 23.195126 2.205021
22.983641 24.895363 -0.187123
20.505131 26.691490 -2.965966
18.522324 28.128393 -5.189040
15.265801 29.568539 -7.832627
12.660585 30.720655 -9.947496
9.665350 31.206413 -12.792895
7.269163 31.595016 -15.069214
3.985623 30.307465 -17.899584
1.358791 29.277420 -20.163881
-1.350047 27.145575 -22.984632
-3.517118 25.440096 -25.241232
-5.554461 23.203838 -27.479076
-7.184336 21.414833 -29.269354
-8.336392 18.966442 -31.134136
-9.258037 17.007729 -32.625965
-9.691667 13.842319 -34.251991
-10.038570 11.309992 -35.552811
-9.556876 7.104443 -36.593468
-9.171522 3.740004 -37.425987
-7.496648 0.031265 -37.947819
-6.156748 -2.935726 -38.365284
-3.110866 -6.762444 -37.545753
-0.674160 -9.823818 -36.890133
3.552854 -13.144791 -34.779568
6.934466 -15.801571 -33.091114
11.158188 -17.781685 -29.577536
14.537165 -19.365776 -26.766672
18.151407 -20.342422 -22.643538
21.042803 -21.123737 -19.345032
23.507759 -21.748791 -14.399220
25.479727 -22.248833 -10.442571
26.905458 -21.922306 -5.691185
28.046045 -21.661083 -1.890076
29.110353 -20.580231 2.592691
29.961802 -19.715546 6.178904
30.794800 -18.151924 9.047874
31.461205 -16.901028 11.343050
32.146172 -15.173748 13.755943
32.694141 -13.791924 15.686256
33.132519 -12.395840 17.230509
33.483219 -11.278973 18.465908
33.763779 -9.949539 19.310041
33.988232 -8.885994 19.985350
34.623318 -8.325783 20.093031
35.131390 -7.877613 20.179176
35.537846 -7.519077 19.382965
35.863014 -7.232250 18.745995
36.578678 -7.438725 17.227104
37.151207 -7.603905 16.011992
37.609230 -8.026676 13.886399
37.975647 -8.364891 12.185925
39.028000 -8.199528 9.239478
39.869884 -8.067238 6.882322
40.391544 -6.508278 3.554718
40.808876 -5.261108 0.892634
40.231678 -2.664936 -1.813784
39.769917 -0.587997 -3.978919
38.793140 2.236050 -5.855214
38.011719 4.495289 -7.356251
37.386581 7.174557 -8.845456
36.886471 9.317970 -10.036820
36.486382 11.468639 -9.836409
36.166309 13.189175 -9.676079
35.758408 14.274977 -8.105936
35.432087 15.143618 -6.849822
34.867348 15.693218 -4.258863
34.415554 16.132900 -2.186098
34.357807 16.048708 0.625619
34.311607 15.981354 2.874991
34.274647 15.346220 4.962865
34.245079 14.838114 6.633164
33.765896 14.141003 8.546156
33.382549 13.583315 10.076549
32.772182 12.119976 12.598554
32.283894 10.949305 14.616158
32.196945 9.576832 16.518618
32.127388 8.478853 18.040585
31.768057 7.891094 19.402346
31.480593 7.420887 20.491755
31.706152 7.190033 20.786530
31.886597 7.005350 21.022352
32.030956 7.002916 21.211008
32.146442 7.000971 21.361935
32.238827 6.999414 21.771049
32.312740 6.998169 22.098343
32.523708 7.433109 21.783424
32.692486 7.781063 21.531490
32.675667 8.640675 21.474131
32.662209 9.328363 21.428244
33.258816 10.750391 19.372902
33.736099 11.888012 17.728630
34.117928 13.524672 15.548086
34.423389 14.834000 13.803651
34.819603 15.590837 11.398787
35.136578 16.196306 9.474895
35.693840 16.390057 6.205528
36.139652 16.545057 3.590034
36.344456 15.942495 -0.088428
36.508297 15.460445 -3.031198
36.639374 13.185743 -6.394729
36.744232 11.365982 -9.085552
36.524437 8.021111 -12.247527
36.348602 5.345213 -14.777107
35.600555 1.460743 -15.935643
35.002121 -1.646832 -16.862474
33.915997 -5.731331 -17.315561
33.047100 -8.998928 -17.678030
31.592762 -13.356758 -16.814503
30.429295 -16.843021 -16.123682
28.739307 -19.922657 -14.705898
27.387316 -22.386364 -13.571671
26.305723 -25.083893 -11.943349
25.440447 -27.241917 -10.640692
25.507442 -28.532394 -9.166002
25.561041 -29.564781 -7.986251
25.755764 -30.245377 -6.898262
25.911541 -30.789848 -6.027871
25.580631 -31.516052 -5.187370
25.315905 -32.097015 -4.514970
24.648592 -32.416473 -3.111922
24.114744 -32.672043 -1.989484
23.839508 -33.021812 -0.658969
23.619318 -33.301628 0.405442
23.898695 -33.670792 1.689535
24.122198 -33.966118 2.716810
24.301001 -33.911758 3.250253
24.444044 -33.868271 3.677008
24.406633 -34.124107 3.874224
24.376705 -34.328773 4.031997
24.352764 -34.201881 4.302403
24.333611 -34.100365 4.518728
24.470133 -33.728531 4.980164
24.579350 -33.431061 5.349312
24.666721 -33.193085 5.644631
24.736618 -33.002708 5.880887
24.792536 -32.850403 5.781515
24.837273 -32.728561 5.702017
24.873060 -32.340462 6.070983
24.901688 -32.029984 6.366156
24.620905 -31.926910 6.746482
24.396276 -31.844452 7.050743
24.520262 -31.778488 7.870903
24.619453 -31.725716 8.527031
24.698805 -32.119438 9.340309
24.762285 -32.434410 9.990932
24.964912 -32.395767 10.078867
25.127016 -32.364853 10.149214
24.801170 -32.049500 10.205492
24.540491 -31.797211 10.250514
24.635637 -31.740692 10.719096
24.711752 -31.695480 11.093961
24.468956 -31.659309 11.826416
24.274719 -31.630371 12.412381
23.967487 -31.461914 13.313717
23.721703 -31.327148 14.034785
23.676918 -30.638084 15.044204
23.641090 -30.086830 15.851738
23.916115 -29.209888 17.218706
24.136133 -28.508339 18.312279
24.615839 -27.075222 19.763889
24.999599 -25.928730 20.925179
25.610296 -24.139660 22.430960
26.098854 -22.708405 23.635584
26.641544 -19.819649 24.887661
27.075695 -17.508644 25.889322
28.030388 -14.206715 26.546465
28.794144 -11.565170 27.072176
29.405148 -8.144123 26.915997
29.893953 -5.407288 26.791050
30.588682 -1.619381 25.249216
31.144464 1.410946 24.015747
31.740936 4.416456 22.308033
32.218109 6.820864 20.941864
32.903538 9.470953 18.695425
33.451878 11.591024 16.898272
33.738708 12.996456 14.595423
33.968174 14.120802 12.753144
34.303585 15.310904 10.270006
34.571918 16.262985 8.283495
34.786583 16.734026 6.405910
34.958313 17.110857 4.903843
35.095699 16.831074 2.837062
35.205612 16.607246 1.183637
35.141693 16.282871 -0.571666
35.090557 16.023373 -1.975909
35.505180 14.798584 -3.820243
35.836880 13.818754 -5.295710
36.254082 12.598953 -6.764460
36.587845 11.623112 -7.939459
36.551167 10.697126 -9.312022
36.521828 9.956339 -10.410072
36.498356 9.654333 -11.576889
36.479576 9.412729 -12.510342
36.312710 8.928820 -13.257104
36.179218 8.541693 -13.854513
36.376110 8.667929 -13.899878
36.533623 8.768917 -13.936169
36.659630 8.559084 -13.676827
36.760441 8.391216 -13.469353
37.144775 7.966297 -13.159185
37.452244 7.626362 -12.911052
37.394527 7.499727 -12.279982
37.348358 7.398418 -11.775126
37.766949 7.462685 -10.794490
38.101826 7.514097 -10.009980
38.066036 8.136477 -9.238185
38.037411 8.634380 -8.620749
38.014503 9.759266 -7.838424
37.996181 10.659174 -7.212564
37.374153 11.960352 -6.279312
36.876526 13.001293 -5.532710
36.782112 13.979359 -3.926114
36.706585 14.761812 -2.640838
36.038784 15.678400 -0.459113
35.504547 16.411671 1.286267
34.773468 16.562349 3.980262
34.188606 16.682892 6.135458
33.417027 16.343388 9.157305
32.799767 16.071785 11.574783
32.609646 14.401379 13.941330
32.457554 13.065052 15.834566
32.639561 10.688179 17.349155
32.785164 8.786680 18.560829
33.509026 6.393606 18.953413
34.088112 4.479147 19.267481
34.703224 1.639767 18.797798
35.195312 -0.631737 18.422049
35.437145 -3.466129 16.967947
35.630608 -5.733643 15.804667
35.633533 -8.419525 14.585666
35.635880 -10.568233 13.610465
35.334064 -12.868450 12.541929
35.092609 -14.708626 11.687101
34.899452 -16.035450 10.714862
34.744923 -17.096912 9.937071
34.621304 -18.382019 9.603214
34.522400 -19.410103 9.336128
33.835911 -20.377884 9.122460
33.286716 -21.152107 8.951525
32.999207 -21.771488 8.814777
32.769196 -22.266991 8.705379
32.129662 -22.808704 8.041108
31.618031 -23.242077 7.509692
31.208725 -24.024712 6.651996
30.881285 -24.650822 5.965838
30.163799 -25.587646 5.272725
29.589809 -26.337105 4.718234
29.130619 -27.081985 4.130454
28.763268 -27.677887 3.660229
28.469385 -28.154610 3.428237
28.234278 -28.535988 3.242644
28.349880 -28.695778 3.094169
28.442364 -28.823612 2.975389
28.060822 -29.216503 2.447802
27.755587 -29.530815 2.025732
27.966928 -29.346329 1.543889
28.136000 -29.198738 1.158414
28.119413 -29.225979 0.273282
28.106148 -29.247772 -0.434823
27.488161 -28.974583 -2.298999
26.993771 -28.756031 -3.790339
27.053791 -27.854626 -5.848538
27.101803 -27.133503 -7.495098
27.443903 -25.975353 -10.254224
27.717579 -25.048832 -12.461524
28.240210 -22.999805 -14.659927
28.658312 -21.360584 -16.418652
28.840954 -18.741394 -18.690758
28.987066 -16.646042 -20.508444
28.952110 -13.661945 -22.250969
28.924149 -11.274670 -23.644987
29.205462 -8.492973 -24.183451
29.430515 -6.267616 -24.614222
30.217930 -3.760769 -23.949524
30.847864 -1.755291 -23.417765
31.959185 -0.005596 -21.983044
32.848240 1.394161 -20.835266
33.559486 2.804592 -18.763540
34.128483 3.932936 -17.106161
34.887363 4.254360 -15.491880
35.494469 4.511501 -14.200456
35.828308 4.717213 -13.455691
36.095383 4.881783 -12.859881
36.612728 5.013439 -12.094857
37.026604 5.118763 -11.482837
37.054016 5.203022 -11.281598
37.075947 5.270430 -11.120605
37.397179 5.469667 -10.991812
37.654167 5.629059 -10.888778
37.707912 5.611259 -10.662162
37.750904 5.597019 -10.480869
37.937145 5.440315 -9.470708
38.086140 5.314951 -8.662579
38.357178 4.924036 -7.439324
38.574009 4.611303 -6.460720
38.899319 4.506430 -5.389461
39.159565 4.422531 -4.532454
39.064072 4.210100 -3.414284
38.987682 4.040155 -2.519749
39.078411 4.049511 -1.227370
39.150993 4.056995 -0.193466
38.753532 4.353609 1.210409
38.435562 4.590900 2.333508
38.181187 3.908857 4.097116
37.977684 3.363222 5.508001
37.663044 1.909527 7.501837
37.411327 0.746571 9.096905
36.906265 -0.910358 10.805524
36.502220 -2.235901 12.172419
35.875294 -4.022896 13.265934
35.373753 -5.452492 14.140747
35.124363 -7.613358 14.552221
34.924854 -9.342049 14.881401
34.461559 -11.742191 14.279617
34.090927 -13.662304 13.798190
33.338882 -15.779644 13.124674
32.737251 -17.473515 12.585859
31.952261 -19.555176 12.010620
31.324268 -21.220505 11.550429
30.670031 -22.843391 11.182277
30.146639 -24.141701 10.887753
29.424242 -24.889725 10.796324
28.846323 -25.488144 10.723179
28.839518 -25.821568 10.953041
28.834074 -26.088306 11.136929
29.437092 -25.284508 11.572415
29.919508 -24.641472 11.920805
30.609127 -23.400478 12.487891
31.160820 -22.407684 12.941561
31.602173 -20.741573 13.448685
31.955257 -19.408684 13.854383
32.541412 -18.632996 14.611506
33.010334 -18.012447 15.217204
32.929947 -16.498821 16.999454
32.865635 -15.287922 18.425253
32.206806 -13.592640 20.431021
31.679749 -12.236412 22.035635
30.650730 -9.988930 24.040264
29.827511 -8.190945 25.643967
28.257881 -6.171307 27.215307
27.002174 -4.555595 28.472378
25.542078 -3.553650 29.622223
24.374002 -2.752094 30.542099
22.832167 -2.401474 31.710564
21.598700 -2.120979 32.645336
19.093493 -2.187210 33.969902
17.089327 -2.240192 35.029560
14.271248 -3.445080 36.165657
12.016783 -4.408989 37.074539
9.150309 -6.051991 37.657452
6.857129 -7.366394 38.123783
3.352309 -9.144478 38.208477
0.548454 -10.566944 38.276230
-3.061219 -11.414295 37.609493
-5.948959 -12.092175 37.076103
-8.562837 -12.925102 36.216824
-10.653940 -13.591446 35.529408
-12.782351 -14.560459 34.691093
-14.485082 -15.335670 34.020443
-15.999108 -16.246460 32.618797
-17.210329 -16.975094 31.497480
-19.090368 -17.848625 29.591112
-20.594397 -18.547451 28.066017
-21.949463 -19.397137 26.269188
-23.033518 -20.076885 24.831724
-23.748917 -20.620682 23.970131
-24.321236 -21.055721 23.280855
-24.779093 -20.967815 23.161999
-25.145376 -20.897491 23.066914
-26.045778 -20.986546 22.414095
-26.766098 -21.057789 21.891838
-27.190512 -21.550720 21.041471
-27.530043 -21.945065 20.361176
-27.649824 -22.551167 19.384378
-27.745649 -23.036045 18.602938
-28.125996 -23.569263 17.689409
-28.430273 -23.995838 16.958586
-29.129225 -23.901157 15.797179
-29.688387 -23.825413 14.868052
-30.439404 -23.474194 13.403811
-31.040218 -23.193218 12.232418
-31.672710 -23.113750 10.430176
-32.178707 -23.050175 8.988383
-33.190876 -22.127441 6.537257
-34.000610 -21.389256 4.576357
-34.344711 -20.362766 1.133194
-34.619995 -19.541576 -1.621336
-33.777317 -18.884624 -5.266838
-33.103172 -18.359062 -8.183240
-32.412014 -18.083927 -11.381490
-31.859089 -17.863819 -13.940089
-31.113060 -17.106480 -16.419533
-30.516239 -16.500610 -18.403088
-29.431408 -16.451851 -20.566685
-28.563543 -16.412842 -22.297562
-26.654505 -15.945698 -24.259014
-25.127274 -15.571983 -25.828175
-22.994429 -14.982388 -28.381193
-21.288153 -14.510712 -30.423611
-18.556543 -14.569309 -31.624979
-16.371254 -14.616188 -32.586075
-14.167494 -14.944313 -33.499142
-12.404486 -15.206814 -34.229588
-10.234862 -15.562126 -34.813953
-8.499164 -15.846378 -35.281437
-6.047701 -16.219090 -35.943802
-4.086532 -16.517262 -36.473694
-2.062066 -16.319859 -36.753429
-0.442494 -16.161938 -36.977207
1.764225 -16.326225 -36.867855
3.529599 -16.457657 -36.780380
5.701116 -16.853428 -36.277836
7.438328 -17.170044 -35.875793
9.587316 -17.132710 -35.121597
11.306504 -17.102844 -34.518238
12.833699 -17.078953 -33.891365
14.055455 -17.059837 -33.389870
15.184704 -16.172668 -32.844482
16.088102 -15.462936 -32.408173
17.266354 -14.749836 -32.203316
18.208952 -14.179356 -32.039429
19.114874 -14.013599 -31.331566
19.839613 -13.880993 -30.765280
20.874931 -14.065533 -30.023872
21.703188 -14.213165 -29.430746
23.428698 -14.331272 -28.523682
24.809103 -14.425758 -27.798031
26.065271 -14.937283 -26.352383
27.070206 -15.346500 -25.195864
28.633371 -15.383251 -23.117146
29.883904 -15.412651 -21.454172
31.339857 -15.000233 -19.114477
32.504620 -14.670300 -17.242722
33.284588 -14.406353 -13.582498
33.908562 -14.195194 -10.654319
34.559586 -14.316895 -7.446650
35.080402 -14.414253 -4.880515
35.648903 -14.346828 -2.106667
36.103699 -14.292889 0.112412
36.163857 -14.249737 2.320238
36.211975 -14.215214 4.086499
36.250473 -14.042286 6.364635
36.281269 -13.903942 8.187144
35.698536 -13.938580 9.789339
35.232349 -13.966290 11.071095
35.011242 -13.697830 12.673251
34.834358 -13.483063 13.954977
34.389160 -13.020626 15.124544
34.033009 -12.650677 16.060200
33.444393 -11.773468 17.818037
32.973503 -11.071701 19.224308
31.989416 -10.510284 21.358639
31.202148 -10.061153 23.066105
29.357590 -9.847160 24.864641
27.881939 -9.675964 26.303469
25.790359 -9.684322 28.031284
24.117096 -9.691010 29.413538
22.474798 -9.841671 30.519339
21.160961 -9.962200 31.403980
20.109892 -10.494560 32.400066
19.269037 -10.920448 33.196938
19.507412 -11.406471 33.257683
19.698111 -11.795292 33.306282
20.458044 -12.687595 32.768406
21.065990 -13.401440 32.338104
22.311565 -13.827202 31.561302
23.308025 -14.167812 30.939859
24.712566 -15.021553 29.577578
25.836199 -15.704544 28.487753
27.038790 -15.814999 27.039141
28.000866 -15.903362 25.880251
29.377899 -16.264679 24.520576
30.479525 -16.553730 23.432837
31.664513 -16.639660 21.553329
32.612507 -16.708405 20.049725
33.826424 -16.327461 17.693338
34.797562 -16.022709 15.808226
35.878159 -15.197655 13.146635
36.742638 -14.537613 11.017362
37.130535 -13.864265 7.583689
37.440853 -13.325588 4.836751
37.840950 -12.458710 1.485697
38.161022 -11.765205 -1.195147
37.506023 -11.210403 -4.781700
36.982025 -10.766560 -7.650942
35.803612 -9.684921 -11.244027
34.860878 -8.819611 -14.118496
33.347473 -7.110176 -17.427385
32.136753 -5.742630 -20.074495
30.105270 -4.648590 -22.336374
28.480083 -3.773361 -24.145874
25.965191 -3.073177 -26.314415
23.953274 -2.513031 -28.049246
20.825308 -1.919601 -30.302240
18.322935 -1.444855 -32.104633
15.409979 -1.355682 -33.258175
13.079612 -1.284348 -34.181004
10.152417 -1.372593 -35.496025
7.810660 -1.443188 -36.548038
5.026194 -1.063725 -37.101273
2.798621 -0.760155 -37.543861
-0.653713 -0.953236 -37.609558
-3.415581 -1.107700 -37.662113
-6.687978 -1.231274 -37.415779
-9.305896 -1.330132 -37.218716
-12.614977 -1.554531 -36.195930
-15.262241 -1.734051 -35.377712
-18.594799 -2.022980 -33.713818
-21.260845 -2.254120 -32.382702
-24.608429 -2.293720 -29.731741
-27.286497 -2.325401 -27.610977
-30.036324 -2.496059 -24.039923
-32.236187 -2.632584 -21.183079
-34.299763 -2.596493 -17.311537
-35.950623 -2.567619 -14.214301
-37.271313 -1.817959 -9.429508
-38.327862 -1.218231 -5.601673
-37.958355 -0.593136 -0.376588
-37.662750 -0.093060 3.803481
-36.059677 0.016376 8.156851
-34.777214 0.103928 11.639546
-32.536503 0.609905 15.579207
-30.743933 1.014687 18.730934
-28.095131 1.774448 22.261633
-25.976088 2.382259 25.086191
-23.066105 2.432568 27.490025
-20.738123 2.472816 29.413092
-18.572048 2.650328 31.528297
-16.839190 2.792337 33.220463
-14.541842 3.632507 34.430004
-12.703963 4.304644 35.397640
-10.322601 5.423601 36.027557
-8.417511 6.318768 36.531494
-6.589753 7.034901 37.078835
-5.127546 7.607807 37.516701
-3.046721 8.356758 37.578621
-1.382060 8.955919 37.628159
0.405198 10.161810 37.379410
1.835005 11.126522 37.180412
3.889910 12.334230 36.300274
5.533834 13.300396 35.596165
7.304503 13.928017 35.032875
8.721039 14.430113 34.582245
10.157953 14.831789 34.365932
11.307485 15.153131 34.192875
11.771582 15.264893 33.910248
12.142859 15.354301 33.684139
12.439880 15.716454 33.791634
12.677496 16.006176 33.877632
13.474962 16.383266 33.081295
14.112936 16.684938 32.444229
15.989904 16.780964 31.357826
17.491480 16.857784 30.488703
20.059328 16.047365 28.928278
22.113609 15.399029 27.679937
24.516249 15.170984 25.383574
26.438362 14.988550 23.546482
28.279741 15.423853 21.067493
29.752844 15.772095 19.084305
31.386854 15.469439 16.632626
32.694061 15.227312 14.671282
34.043514 14.742987 12.381268
35.123077 14.355526 10.549256
35.834881 13.900246 8.362707
36.404327 13.536020 6.613468
37.011726 13.244640 4.637326
37.497646 13.011538 3.056412
37.734539 12.389116 1.503305
37.924053 11.891180 0.260819
37.923820 12.074081 -1.598296
37.923634 12.220402 -3.085589
37.467957 12.337460 -5.284739
37.103416 12.431105 -7.044058
36.659939 12.941959 -8.884077
36.305157 13.350643 -10.356092
35.565804 13.532276 -11.966269
34.974319 13.677584 -13.254410
34.501133 13.939142 -14.717485
34.122585 14.148388 -15.887946
33.516056 14.461098 -16.968502
33.030834 14.711266 -17.832947
32.035286 14.620775 -18.957066
31.238840 14.548382 -19.856363
30.601688 14.926405 -20.864176
30.091965 15.228823 -21.670425
29.228657 14.889507 -22.603802
28.538010 14.618055 -23.350502
28.137339 14.546206 -23.947863
27.816801 14.488726 -24.425753
27.560369 15.023993 -24.808062
27.355227 15.452206 -25.113911
27.494797 15.794777 -25.070213
27.606453 16.068834 -25.035257
27.695778 16.433392 -24.142164
27.767239 16.725039 -23.427689
28.583624 16.958355 -21.702606
29.236732 17.145008 -20.322540
30.366592 17.149019 -18.353359
31.270479 17.152227 -16.778015
31.993589 17.154795 -13.643299
32.572079 17.156849 -11.135525
33.338558 16.722553 -8.119989
33.951736 16.375118 -5.707561
34.290440 14.934669 -1.903177
34.561401 13.782310 1.140331
34.170799 12.569798 4.872828
33.858318 11.599789 7.858826
32.241737 9.806593 12.266254
30.948475 8.372036 15.792196
28.091745 7.224390 20.054831
25.806364 6.306274 23.464937
22.307777 4.409283 26.625584
19.508913 2.891689 29.154102
15.144013 0.515114 31.465296
11.652093 -1.386147 33.314247
6.429065 -3.779030 34.216660
2.250642 -5.693336 34.938583
-2.914217 -7.951344 34.074253
-7.046103 -9.757751 33.382786
-10.958985 -11.929440 31.676104
-14.089292 -13.666790 30.310762
-17.352753 -15.928547 27.344046
-19.963524 -17.737949 24.970671
-21.900295 -19.476097 20.909155
-23.449713 -20.866615 17.659941
-24.689247 -22.414967 13.907067
-25.680874 -23.653648 10.904768
-25.866800 -24.499283 7.349427
-26.015543 -25.175789 4.505153
-25.071636 -26.007622 0.643667
-24.316509 -26.673088 -2.445522
-23.105034 -27.786709 -5.061060
-22.135855 -28.677605 -7.153490
-21.360510 -29.390324 -8.827435
-20.740234 -29.960495 -10.166592
-20.092171 -30.852570 -10.516976
-19.573719 -31.566231 -10.797284
-19.462645 -32.137161 -10.012215
-19.373787 -32.593903 -9.384160
-19.910074 -32.668671 -8.160777
-20.339102 -32.728485 -7.182071
-22.048914 -32.195091 -5.822354
-23.416765 -31.768372 -4.734581
-25.725792 -29.683250 -2.855047
-27.573013 -28.015152 -1.351419
-29.961849 -24.210358 1.293361
-31.872919 -21.166523 3.409185
-32.794399 -16.261143 6.687911
-33.531586 -12.336838 9.310892
-32.754745 -8.180206 12.851157
-32.133274 -4.854904 15.683368
-28.902916 -2.630600 19.391014
-26.318630 -0.851154 22.357132
-21.821709 0.136463 25.739344
-18.224169 0.926559 28.445110
-15.194297 0.686760 30.609724
-12.770397 0.494919 32.341415
-11.742338 -0.239803 33.870956
-10.919890 -0.827579 35.094589
-12.084052 -3.332176 35.064182
-13.015383 -5.335854 35.039848
-15.886252 -7.520046 33.434322
-18.182949 -9.267399 32.149902
-21.538740 -10.374657 28.382793
-24.223370 -11.260464 25.369108
-26.978449 -11.678486 19.353460
-29.182512 -12.012901 14.540945
-30.034702 -10.827309 6.797859
-30.716457 -9.878834 0.603389
-28.680523 -8.538803 -7.524319
-27.051775 -7.466782 -14.026485
-23.167442 -6.754475 -19.516596
-20.059973 -6.184631 -23.908684
-15.903722 -5.728756 -27.133978
-12.578722 -5.364056 -29.714214
-8.400288 -4.200420 -31.922588
-5.057541 -3.269512 -33.689289
-0.713067 -0.926346 -33.949142
2.762512 0.948185 -34.157028
7.213251 3.319685 -32.881458
10.773842 5.216885 -31.861002
14.381532 8.187771 -29.314383
17.267685 10.564480 -27.277086
18.969233 13.047096 -25.503065
20.330473 15.033190 -24.083847
20.660248 17.639252 -22.515907
20.924068 19.724102 -21.261557
19.616692 22.554482 -19.681326
18.570789 24.818785 -18.417139
16.215633 27.356791 -16.684853
14.331510 29.387196 -15.299021
11.002090 31.302143 -14.622920
8.338554 32.834103 -14.082040
6.055882 33.914356 -13.505147
4.229746 34.778561 -13.043633
4.287269 35.469921 -13.251174
4.333288 36.023014 -13.417207
5.281163 35.738922 -14.559346
6.039464 35.511650 -15.473060
8.620066 33.731396 -17.357533
10.684548 32.307190 -18.865110
13.095351 28.406891 -21.224678
15.023994 25.286650 -23.112331
16.415064 19.302956 -25.343393
17.527922 14.516003 -27.128241
17.203459 7.344252 -27.690992
16.943890 1.606850 -28.141195
14.610428 -5.308071 -27.059477
12.743658 -10.840008 -26.194103
8.972592 -16.137432 -23.194799
5.955740 -20.375370 -20.795355
1.416453 -23.765720 -16.136229
-2.214978 -26.478001 -12.408929
-7.094086 -27.194702 -7.696834
-10.997373 -27.768063 -3.927158
-15.031061 -25.901752 0.674649
-18.258011 -24.408703 4.356094
-20.839573 -20.598637 8.454754
-22.904821 -17.550583 11.733681
-24.253332 -13.223080 14.933574
-25.332142 -9.761078 17.493490
-24.980442 -6.264912 20.406549
-24.699085 -3.467979 22.736996
-22.044506 0.077377 25.033918
-19.920841 2.913664 26.871456
-15.185042 6.199881 28.341486
-11.396405 8.828854 29.517509
-6.087845 11.367970 29.304825
-1.840997 13.399263 29.134678
3.226758 15.169611 28.133432
7.280962 16.585888 27.332438
11.435385 17.573597 25.393948
14.758922 18.363766 23.843157
18.480656 18.124025 21.449022
21.458042 17.932232 19.533714
24.447329 16.761610 17.568903
26.838755 15.825113 15.997056
29.207428 13.186852 14.883765
31.102364 11.076242 13.993133
32.466469 6.917442 13.136439
33.557755 3.590403 12.451084
33.216034 -1.686852 12.479552
32.942661 -5.908657 12.502326
30.598156 -11.175163 12.953109
28.722549 -15.388371 13.313735
24.488884 -19.921436 14.034800
21.101952 -23.547890 14.611651
14.292639 -26.449051 14.640570
8.845187 -28.769981 14.663704
1.450360 -28.592350 14.682212
-4.465503 -28.450245 14.697018
-11.020312 -26.592808 14.132110
-16.264160 -25.106857 13.680184
-20.307394 -23.627476 12.741893
-23.541983 -22.443970 11.991260
-26.129652 -21.787788 11.534940
-28.199789 -21.262844 11.169885
-29.855896 -20.842888 9.724338
-31.180784 -20.506924 8.567900
-31.937008 -20.528778 6.489247
-32.541988 -20.546261 4.826324
-32.570438 -21.432121 3.207610
-32.593201 -22.140812 1.912639
-31.700352 -23.579639 0.732475
-30.986073 -24.730701 -0.211657
-29.503588 -26.087486 -0.966963
-28.317600 -27.172913 -1.571207
-26.913280 -28.477192 -2.054602
-25.789825 -29.520615 -2.441319
-24.131844 -30.355354 -3.615820
-22.805458 -31.023148 -4.555420
-21.440662 -31.557381 -5.162912
-20.348827 -31.984764 -5.648906
-19.930887 -32.907921 -4.595822
-19.596537 -33.646446 -3.753355
-19.936430 -33.510704 -0.628188
-20.208344 -33.402115 1.871947
-20.729561 -32.443367 4.881369
-21.146536 -31.676369 7.288907
-22.391174 -29.754959 10.224253
-23.386887 -28.217831 12.572529
-24.335297 -25.825626 15.316278
-25.094028 -23.911865 17.511276
-26.156542 -20.055855 19.988214
-27.006556 -16.971046 21.969765
-26.927345 -12.323513 23.410816
-26.863981 -8.605488 24.563660
-26.509602 -4.177940 25.053368
-26.226097 -0.635902 25.445137
-25.240078 3.360228 26.191114
-24.451262 6.557133 26.787897
-23.516523 9.841219 26.544384
-22.768732 12.468487 26.349573
-21.866812 15.442177 26.049538
-21.145275 17.821129 25.809507
-19.960674 19.869602 24.896545
-19.012993 21.508383 24.166176
-18.710379 23.400656 22.860939
-18.468287 24.914474 21.816751
-18.426456 26.416155 19.972086
-18.392992 27.617498 18.496353
-19.277279 28.578575 16.162264
-19.984711 29.347435 14.294992
-21.158028 30.107834 12.656987
-22.096684 30.716156 11.346583
-22.543921 30.766874 10.009885
-22.901709 30.807449 8.940525
-23.339785 30.839909 8.373414
-23.690245 30.865877 7.919724
-24.122456 30.886652 7.124209
-24.468224 30.903271 6.487797
-24.592997 30.916567 5.690292
-24.692814 30.927204 5.052288
-25.228197 31.081024 4.397696
-25.656504 31.204082 3.874023
-26.150993 30.866590 4.320212
-26.546585 30.596598 4.677163
-27.318588 30.380602 4.674348
-27.936192 30.207806 4.672096
-28.430273 29.343008 4.670295
-28.825539 28.651169 4.668853
-29.141752 28.533634 5.100265
-29.394722 28.439608 5.445393
-29.141567 27.637823 6.009871
-28.939045 26.996395 6.461454
-28.625181 26.628567 7.543660
-28.374092 26.334303 8.409425
-28.325066 26.098892 9.390412
-28.285841 25.910564 10.175201
-28.406307 25.759901 11.235598
-28.502678 25.639370 12.083914
-28.124245 25.252321 12.618380
-27.821499 24.942682 13.045952
-27.882990 25.130909 13.676386
-27.932180 25.281488 14.180732
-27.667847 25.401953 14.584209
-27.456383 25.498325 14.906992
-27.135366 25.139484 15.453593
-26.878551 24.852413 15.890875
-26.369415 24.913380 16.529074
-25.962105 24.962154 17.039635
-25.939945 25.146484 17.303896
-25.922216 25.293951 17.515305
-25.756189 25.557236 17.540241
-25.623367 25.767864 17.560194
-25.213425 25.936365 17.576155
-24.885469 26.071167 17.588924
-24.926792 26.469633 17.166573
-24.959850 26.788406 16.828695
-24.682610 27.334049 16.702581
-24.460817 27.770565 16.601688
-24.131542 27.829151 16.665161
-23.868120 27.876020 16.715939
-23.353697 28.494766 15.891437
-22.942156 28.989763 15.231833
-22.612925 29.240448 14.415775
-22.349541 29.440996 13.762929
-21.986990 30.037373 13.529027
-21.696947 30.514473 13.341907
-21.161228 30.750839 13.048022
-20.732653 30.939934 12.812913
-20.997166 31.091209 12.624827
-21.208775 31.212231 12.474359
-21.529907 31.454359 11.633044
-21.786814 31.648062 10.959992
-21.536806 31.803024 10.133175
-21.336802 31.926994 9.471722
-21.328642 32.026169 8.942558
-21.322113 32.105511 8.519228
-21.924263 31.733047 8.036376
-22.405985 31.435074 7.650094
-22.943205 31.487322 6.908505
-23.372978 31.529119 6.315234
-23.868643 31.417246 5.552241
-24.265175 31.327747 4.941847
-24.430557 31.256147 3.876780
-24.562862 31.198868 3.024727
-25.427923 31.007732 2.198896
-26.119972 30.854822 1.538232
-26.369925 30.296558 0.432949
-26.569885 29.849945 -0.451278
-27.185385 29.347343 -1.591223
-27.677786 28.945263 -2.503179
-27.616173 28.623598 -3.521119
-27.566885 28.366264 -4.335471
-27.223768 28.451025 -5.563704
-26.949274 28.518833 -6.546291
-27.185209 28.137140 -7.764924
-27.373957 27.831787 -8.739830
-27.221268 27.587505 -10.384884
-27.099119 27.392078 -11.700925
-27.001398 26.945112 -13.330510
-26.923222 26.587540 -14.634177
-26.860682 25.865543 -15.965488
-26.810648 25.287949 -17.030537
-26.011404 23.808681 -18.747704
-25.372009 22.625271 -20.121435
-24.404964 21.242603 -22.373924
-23.631329 20.136471 -24.175915
-22.860577 18.234377 -26.050072
-22.243977 16.712702 -27.549395
-21.902536 14.332861 -28.748857
-21.629387 12.428988 -29.708427
-21.410866 10.034016 -30.908646
-21.236050 8.118038 -31.868820
-20.944355 5.858692 -32.925339
-20.710997 4.051216 -33.770550
-20.676155 2.605236 -34.302528
-20.648279 1.448452 -34.728119
-20.625980 0.523026 -34.780209
-20.608141 -0.217316 -34.821880
-21.049398 -0.809589 -34.566845
-21.402405 -1.283409 -34.362816
-22.292185 -1.807777 -33.767025
-23.004007 -2.227272 -33.290394
-24.180838 -2.562866 -32.764904
-25.122305 -2.831345 -32.344513
-26.179163 -3.046127 -31.719822
-27.024652 -3.217953 -31.220070
-28.156570 -2.628849 -30.099327
-29.062107 -2.157566 -29.202736
-30.545752 -1.635227 -28.052898
-31.732668 -1.217358 -27.133028
-33.441418 -0.301811 -25.099442
-34.808418 0.430626 -23.472572
-36.053860 1.597824 -20.440823
-37.050217 2.531582 -18.015421
-38.150982 3.569216 -15.065786
-39.031601 4.399323 -12.706077
-39.736095 5.644657 -8.943868
-40.299690 6.640924 -5.934101
-40.143192 7.728563 -1.940220
-40.017990 8.598675 1.254884
-38.854927 9.730701 4.531907
-37.924480 10.636324 7.153525
-35.965374 11.215508 10.836885
-34.398090 11.678856 13.783575
-31.777672 12.630785 17.006052
-29.681337 13.392328 19.584036
-26.485836 14.582813 22.078987
-23.929436 15.535200 24.074945
-20.517725 16.297110 26.104277
-17.788359 16.906637 27.727743
-14.390116 17.684885 28.593952
-11.671523 18.307484 29.286919
-8.585589 19.096188 29.985481
-6.116843 19.727150 30.544331
-3.534472 20.522545 30.126282
-1.468574 21.158859 29.791842
0.791516 22.103851 29.380104
2.599589 22.859842 29.050713
4.653420 23.755260 28.210447
6.296486 24.471596 27.538237
7.762783 24.754040 26.856279
8.935819 24.979994 26.310715
10.026092 25.596695 25.585886
10.898310 26.090055 25.006023
11.444240 26.630056 24.830509
11.880985 27.062057 24.690098
12.078536 27.117035 24.866144
12.236579 27.161015 25.006981
11.755639 26.469637 26.273155
11.370887 25.916534 27.286093
10.000182 24.747490 28.529007
8.903618 23.812254 29.523338
7.418993 23.209377 30.030428
6.231295 22.727077 30.436100
4.218232 22.341236 31.049013
2.607782 22.032564 31.539343
0.408362 21.349689 32.219982
-1.351174 20.803387 32.764496
-3.821706 19.494473 33.200108
-5.798131 18.447340 33.548592
-8.745862 17.609634 33.539009
-11.104046 16.939470 33.531338
-13.901653 15.822088 33.092644
-16.139740 14.928183 32.741680
-18.689426 13.777121 31.739975
-20.729174 12.856272 30.938610
-22.968346 11.683655 30.153330
-24.759682 10.745562 29.525105
-26.496441 9.559149 28.589962
-27.885845 8.610018 27.841848
-28.845526 8.577276 27.099171
-29.613270 8.551083 26.505028
-30.834839 8.094191 25.741337
-31.812094 7.728676 25.130383
-32.593899 7.581577 24.641621
-33.219341 7.463900 24.250610
-33.416012 6.933819 24.226179
-33.573345 6.509754 24.206635
-34.002899 6.170504 24.335184
-34.346546 5.899103 24.438026
-34.317772 5.536671 24.376112
-34.294754 5.246723 24.326580
-34.276340 4.724140 24.431143
-34.261608 4.306074 24.514791
-34.097980 4.116934 24.437523
-33.967079 3.965622 24.375710
-34.014194 3.699259 24.470446
-34.051899 3.486168 24.546234
-33.778370 2.879759 24.895241
-33.559544 2.394630 25.174446
-33.536331 2.442467 25.542000
-33.517754 2.480736 25.836040
-33.199211 2.511349 26.215462
-32.944374 2.535839 26.518999
-32.740505 2.700747 26.473454
-32.577412 2.832672 26.437017
-32.295094 2.647587 26.696243
-32.069237 2.499519 26.903624
-31.888554 2.235752 27.213717
-31.744007 2.024738 27.461792
-31.476524 1.419991 27.804440
-31.262541 0.936192 28.078556
-30.787666 0.549152 28.153662
-30.407766 0.239521 28.213747
-30.559376 0.137131 28.117628
-30.680664 0.055218 28.040733
-30.855318 -0.062740 27.930002
-30.917418 0.331257 28.179007
-30.967098 0.646454 28.378210
-30.854998 1.625175 28.249199
-30.765318 2.408154 28.145988
-30.541731 4.342348 27.630856
-30.362860 5.889704 27.218752
-30.067923 8.144775 25.879753
-29.831970 9.948833 24.808554
-30.098738 12.263954 23.086468
-30.312155 14.116051 21.708797
-30.786573 15.743040 19.164782
-31.166107 17.044632 17.129570
-31.469736 18.521843 14.203711
-31.712639 19.703611 11.863024
-32.362492 19.922462 8.692781
-32.882374 20.097546 6.156588
-33.753811 19.075111 3.118319
-34.450958 18.257164 0.687703
-35.464203 16.730930 -1.256790
-36.274799 15.509943 -2.812383
-37.226971 13.661278 -3.768483
-37.988701 12.182346 -4.533362
-38.598087 10.708576 -5.289454
-39.085598 9.529560 -5.894328
-39.779289 8.441036 -6.954978
-40.334248 7.570217 -7.803498
-40.474525 6.728249 -8.482314
-40.586746 6.054674 -9.025367
-40.524681 5.515814 -9.171432
-40.475025 5.084726 -9.288286
-40.435307 5.175793 -9.525957
-40.403526 5.248646 -9.716093
-40.357765 5.353556 -9.730351
-40.493343 5.390858 -10.167985
-40.601799 5.420698 -10.518092
-40.384880 5.735195 -10.798177
-40.211342 5.986794 -11.022246
-40.072514 5.461510 -11.634065
-39.961449 5.041283 -12.123519
-39.720757 4.269163 -12.803457
-39.528202 3.651468 -13.347408
-39.222313 3.447937 -13.926758
-38.977604 3.285110 -14.390237
-39.085526 2.573601 -14.761021
-39.171856 2.004395 -15.057647
-39.240925 1.694340 -15.294948
-39.296177 1.446297 -15.484787
-39.340385 0.957237 -15.348286
-39.375748 0.565990 -15.239085
-39.707722 0.252991 -15.151723
-39.973309 0.002594 -15.081833
-40.185772 -0.633663 -15.314297
-40.355747 -1.142670 -15.500267
-40.036194 -1.549873 -15.504857
-39.780548 -1.875637 -15.508529
-39.727879 -2.717499 -15.223089
-39.685741 -3.390987 -14.994739
-39.652035 -4.220406 -14.667871
-39.625065 -4.883938 -14.406376
-39.299805 -5.996014 -14.341368
-39.039597 -6.885674 -14.289362
-38.375900 -7.888027 -14.247757
-37.844944 -8.689911 -14.214472
-37.268330 -10.203293 -14.187844
-36.807045 -11.413998 -14.166543
-35.678802 -13.254436 -14.726253
-34.776203 -14.726788 -15.174020
-33.902283 -16.340607 -16.108986
-33.203144 -17.631660 -16.856958
-31.884621 -18.955128 -16.878586
-30.829800 -20.013905 -16.895885
-30.137785 -21.587486 -16.188789
-29.584173 -22.846352 -15.623110
-29.141285 -23.998756 -13.584501
-28.786976 -24.920681 -11.953613
-28.959057 -25.803535 -9.207024
-29.096722 -26.509819 -7.009752
-29.662384 -26.493591 -3.954245
-30.114912 -26.480610 -1.509839
-31.387997 -24.581165 0.878250
-32.406464 -23.061607 2.788720
-33.221237 -20.683464 5.182225
-33.873055 -18.780949 7.097027
-34.242664 -15.660496 9.926561
-34.538357 -13.164135 12.190187
-34.471222 -10.149860 14.289465
-34.417515 -7.738438 15.968886
-34.070862 -5.082737 17.600800
-33.793541 -2.958176 18.906332
-33.571678 0.049286 19.229815
-33.394196 2.455254 19.488602
-33.555893 4.961277 19.407257
-33.685253 6.966097 19.342182
-33.485050 10.023077 18.280806
-33.324890 12.468660 17.431704
-32.589390 15.006378 16.319860
-32.000988 17.036552 15.430385
-31.378424 18.951317 14.286241
-30.880371 20.483128 13.370926
-30.633772 21.999203 12.782861
-30.436495 23.212063 12.312409
-30.734201 23.601099 11.647673
-30.972368 23.912329 11.115883
-30.859215 24.306625 10.690452
-30.768692 24.622063 10.350106
-31.151804 24.583786 9.789454
-31.458292 24.553165 9.340933
-31.399797 24.092731 9.126303
-31.353001 23.724384 8.954599
-31.771095 23.429707 9.249801
-32.105568 23.193966 9.485961
-32.221306 22.569435 10.828393
-32.313892 22.069811 11.902338
-32.084278 20.362297 14.059185
-31.900585 18.996288 15.784663
-32.209160 16.595667 17.165045
-32.456024 14.675171 18.269350
-32.653511 11.976274 19.729548
-32.811504 9.817156 20.897703
-32.482365 7.217987 21.976418
-32.219055 5.138653 22.839386
-32.463940 2.748621 23.385574
-32.659843 0.836597 23.822527
-32.664726 -1.710209 23.739523
-32.668629 -3.747654 23.673122
-32.975441 -6.104172 22.899059
-33.220890 -7.989388 22.279810
-32.809872 -10.805374 20.486721
-32.481064 -13.058163 19.052250
-32.066170 -15.877583 16.318605
-31.734257 -18.133118 14.131690
-30.861351 -20.373482 10.796091
-30.163027 -22.165775 8.127611
-29.300680 -23.744919 4.406762
-28.610806 -25.008236 1.430081
-27.603374 -25.437641 -2.393142
-26.797430 -25.781162 -5.451720
-25.697144 -25.329418 -9.340461
-24.816916 -24.968021 -12.451454
-24.112732 -23.807030 -15.516999
-23.549385 -22.878235 -17.969435
-23.402395 -21.263329 -20.652323
-23.284801 -19.971401 -22.798634
-22.887043 -18.065983 -24.804060
-22.568834 -16.541649 -26.408400
-21.858738 -15.322182 -28.124434
-21.290661 -14.346607 -29.497261
-20.988043 -12.839588 -30.739712
-20.745949 -11.633972 -31.733675
-20.704113 -10.378853 -32.673031
-20.670649 -9.374756 -33.424515
-20.643875 -8.135544 -34.314083
-20.622458 -7.144173 -35.025730
-19.997948 -6.060452 -35.595055
-19.498341 -5.193474 -36.050507
-19.402344 -3.918640 -36.270683
-19.325546 -2.898773 -36.446827
-18.808575 -1.937569 -36.587738
-18.395000 -1.168606 -36.700470
-17.608610 0.318439 -36.934845
-16.979498 1.508076 -37.122341
-16.628054 2.895723 -37.416531
-16.346895 4.005840 -37.651878
-15.970127 5.765810 -37.695965
-15.668711 7.173786 -37.731239
-15.883110 7.864229 -37.615273
-16.054628 8.416582 -37.522499
-16.191843 8.858465 -37.015713
-16.301613 9.211971 -36.610279
-16.541275 9.640089 -36.574318
-16.733004 9.982584 -36.545544
-17.341917 10.111267 -36.089966
-17.829046 10.214212 -35.725494
-18.674280 11.023132 -34.857178
-19.350468 11.670267 -34.162514
-19.587730 13.059851 -33.174225
-19.777542 14.171518 -32.383595
-20.536762 15.787415 -31.174337
-21.144140 17.080132 -30.206930
-21.781887 18.840868 -28.135315
-22.292082 20.249456 -26.478022
-23.003925 22.102890 -23.421932
-23.573402 23.585636 -20.977062
-24.484510 24.481209 -17.435099
-25.213398 25.197668 -14.601528
-26.403881 25.480209 -10.748606
-27.356268 25.706242 -7.666267
-28.573708 24.869881 -4.191081
-29.547661 24.200792 -1.410932
-30.478664 22.648335 1.245751
-31.223467 21.406366 3.371098
-32.274837 19.976856 5.215563
-33.115936 18.833246 6.691134
-33.940659 17.191797 7.871592
-34.600437 15.878637 8.815958
-35.280102 14.101547 9.571451
-35.823833 12.679874 10.175845
-36.410664 11.833162 10.370985
-36.880127 11.155792 10.527097
-36.952015 10.177958 10.940362
-37.009518 9.395691 11.270974
-37.511055 8.769876 11.535463
-37.912285 8.269226 11.747055
-37.777737 7.723392 12.637268
-37.670101 7.286726 13.349439
-37.432144 6.501455 14.351738
-37.241783 5.873240 15.153579
-36.633965 5.370667 16.660177
-36.147709 4.968607 17.865456
-35.910549 4.211023 18.829679
-35.720814 3.604956 19.601057
-35.113503 2.974789 20.218161
-34.627655 2.470657 20.711843
-34.542660 2.939226 21.250977
-34.474663 3.314081 21.682285
-34.268425 4.485840 21.594769
-34.103436 5.423246 21.524754
-33.971439 7.480984 20.459425
-33.865849 9.127174 19.607162
-33.325840 11.025377 18.060228
-32.893837 12.543940 16.822680
-32.700073 14.630665 14.967512
-32.545067 16.300045 13.483379
-32.269215 18.216799 11.575133
-32.048534 19.750202 10.048536
-31.416460 21.558174 7.097004
-30.910801 23.004551 4.735779
-29.898901 24.161654 0.828168
-29.089382 25.087336 -2.297921
-28.441765 24.665380 -5.952295
-27.923672 24.327816 -8.875794
-27.812883 22.895266 -12.656472
-27.724253 21.749226 -15.681015
-27.349661 19.379267 -18.677401
-27.049992 17.483299 -21.074509
-26.962095 13.641525 -23.136383
-26.891779 10.568108 -24.785883
-27.139214 6.220310 -25.528732
-27.337162 2.742071 -26.123011
-26.736301 -1.929581 -25.877495
-26.255615 -5.666904 -25.681080
-25.567377 -9.528637 -24.803009
-25.016790 -12.618023 -24.100554
-24.424475 -15.816093 -22.673460
-23.950623 -18.374550 -21.531788
-23.267857 -21.293190 -19.753321
-22.721642 -23.628101 -18.330547
-21.677296 -25.786659 -16.615578
-20.841820 -27.513504 -15.243602
-19.566067 -29.185604 -13.425083
-18.545464 -30.523285 -11.970266
-17.273453 -31.884056 -10.518038
-16.255840 -32.972672 -9.356255
-15.138066 -34.279503 -8.282640
-14.243847 -35.324966 -7.423749
-13.832158 -36.016022 -6.015697
-13.502806 -36.568871 -4.889254
-12.783795 -37.156456 -3.122973
-12.208587 -37.626526 -1.709949
-11.596576 -38.147896 0.141410
-11.106968 -38.564995 1.622498
-10.107907 -38.608047 3.384119
-9.308661 -38.642487 4.793416
-8.517419 -38.234100 7.218544
-7.884425 -37.907394 9.158648
-7.226187 -37.064781 12.152609
-6.699596 -36.390686 14.547777
-5.670951 -34.688911 17.905790
-4.848034 -33.327492 20.592203
-4.189702 -29.913353 24.039022
-3.663035 -27.182045 26.796478
-3.393545 -23.398560 29.723383
-3.177953 -20.371773 32.064907
-3.157323 -15.625343 33.649746
-3.140819 -11.828201 34.917622
-4.038675 -7.192047 35.643543
-4.756961 -3.483124 36.224281
-5.938962 0.937138 35.391186
-6.884563 4.473347 34.724705
-7.944731 8.464815 33.470581
-8.792865 11.657990 32.467281
-10.230589 14.939091 30.078577
-11.380767 17.563972 28.167612
-13.060128 20.681065 24.476023
-14.403615 23.174740 21.522751
-16.237623 25.169680 16.564751
-17.704828 26.765631 12.598353
-18.878592 27.606455 7.550791
-19.817604 28.279114 3.512742
-20.113283 29.107866 -0.150262
-20.349825 29.770866 -3.080665
-19.628000 30.591894 -5.857551
-19.050543 31.248714 -8.079060
-17.829355 31.774172 -10.144643
-16.852407 32.194538 -11.797109
-15.463477 32.385517 -13.119081
-14.352331 32.538300 -14.176660
-12.856043 33.241779 -14.878534
-11.659011 33.804562 -15.440033
-10.245856 34.690723 -14.014791
-9.115333 35.399654 -12.874598
-7.907226 35.821484 -10.953127
-6.940741 36.158951 -9.415950
-6.015710 36.719547 -6.888518
-5.275685 37.168026 -4.866572
-4.683666 37.090870 -1.086197
-4.210050 37.029144 1.938102
-4.438530 35.236015 6.520360
-4.621315 33.801514 10.186167
-5.374916 30.910160 15.137442
-5.977796 28.597078 19.098461
-7.674847 24.130987 22.844030
-9.032488 20.558113 25.840483
-10.270443 15.084190 28.237648
-11.260808 10.705051 30.155378
-12.508630 4.440804 30.391872
-13.506887 -0.570595 30.581066
-14.912867 -6.468777 27.848663
-16.037651 -11.187321 25.662743
-16.633789 -15.979343 20.453495
-17.110703 -19.812962 16.286098
-17.036701 -22.007984 9.347484
-16.977501 -23.764000 3.796592
-16.322769 -24.296936 -2.230188
-15.798982 -24.723286 -7.051611
-15.228108 -24.483116 -11.629690
-14.771411 -24.290981 -15.292153
-14.861581 -23.991959 -18.510498
-14.933719 -23.752743 -21.085173
-14.991428 -22.398869 -23.289103
-15.037596 -21.315769 -25.052246
-15.226374 -19.432102 -27.183701
-15.377396 -17.925171 -28.888865
-15.650056 -15.557125 -30.252996
-15.868186 -13.662689 -31.344301
-16.042688 -11.129951 -32.505718
-16.182291 -9.103760 -33.434853
-16.142130 -7.046871 -34.322353
-16.110001 -5.401360 -35.032345
-16.387983 -3.067764 -35.456161
-16.610371 -1.200886 -35.795208
-16.332750 0.873867 -36.066441
-16.110653 2.533669 -36.283432
-15.781133 4.588072 -36.312840
-15.517517 6.231594 -36.336365
-15.762154 7.401100 -36.210995
-15.957863 8.336704 -36.110703
-15.962587 9.666439 -35.886272
-15.966367 10.730227 -35.706738
-16.424921 11.290630 -35.274727
-16.791763 11.738953 -34.929119
-16.933393 11.952299 -34.941010
-17.046698 12.122976 -34.950523
-17.896559 12.986080 -34.093010
-18.576447 13.676563 -33.406998
-20.183260 14.955513 -31.704681
-21.468712 15.978672 -30.342831
-23.104445 17.378450 -28.099848
-24.413033 18.498272 -26.305460
-25.763590 19.539442 -23.428070
-26.844036 20.372379 -21.126160
-28.315763 20.602791 -18.131128
-29.493145 20.787119 -15.735104
-31.042427 20.643957 -13.241531
-32.281853 20.529428 -11.246675
-33.577076 19.711243 -8.641473
-34.613258 19.056694 -6.557312
-35.897736 17.661180 -4.169044
-36.925316 16.544769 -2.258430
-37.443691 15.361015 0.135189
-37.858391 14.414011 2.050084
-37.734623 12.348597 5.023879
-37.635609 10.696264 7.402915
-36.645336 7.049398 10.748023
-35.853123 4.131905 13.424109
-35.067501 0.054161 14.988227
-34.439007 -3.208035 16.239521
-32.873310 -7.416229 16.663803
-31.620749 -10.782784 17.003231
-29.707642 -14.347904 16.986395
-28.177156 -17.200001 16.972929
-27.104612 -20.498863 16.673779
-26.246576 -23.137955 16.434460
-25.408302 -24.667976 15.810439
-24.737686 -25.891994 15.311224
-24.201191 -26.871208 15.344415
-23.771997 -27.654579 15.370967
-24.036015 -27.554714 15.680585
-24.247227 -27.474823 15.928279
-24.416201 -27.701534 15.838059
-24.551376 -27.882904 15.765883
-24.203987 -28.028000 15.852331
-23.926077 -28.144077 15.921488
-23.855591 -28.382252 16.121002
-23.799204 -28.572792 16.280613
-23.602249 -29.015846 16.119926
-23.444685 -29.370293 15.991377
-23.166792 -29.653847 15.744350
-22.944477 -29.880692 15.546728
-23.222155 -29.916855 15.388630
-23.444300 -29.945786 15.262152
-23.622013 -29.387680 15.593534
-23.764183 -28.941196 15.858638
-24.485292 -27.857445 16.503286
-25.062180 -26.990444 17.019003
-25.979219 -25.715595 17.719954
-26.712852 -24.695713 18.280714
-27.603445 -23.298557 18.152571
-28.315918 -22.180836 18.050056
-29.948801 -20.414783 17.823856
-31.255108 -19.001942 17.642897
-32.603840 -16.418541 17.498129
-33.682823 -14.351822 17.382315
-34.394173 -11.100010 17.722227
-34.963245 -8.498558 17.994158
-34.962978 -4.964272 18.500076
-34.962761 -2.136841 18.904812
-34.051529 0.415726 19.949541
-33.322544 2.457779 20.785324
-32.435669 5.108610 21.309761
-31.726166 7.229275 21.729311
-30.551193 9.942995 21.776575
-29.611216 12.113972 21.814386
-28.403702 14.141376 21.988825
-27.437693 15.763300 22.128374
-26.057510 17.351465 22.240015
-24.953365 18.621998 22.329327
-22.551615 20.946236 22.256588
-20.630215 22.805626 22.198399
-18.030193 24.729074 22.007658
-15.950174 26.267834 21.855064
-13.375100 27.934780 20.867863
-11.315040 29.268337 20.078102
-9.211462 30.480494 19.446293
-7.528600 31.450220 18.940847
-5.726780 31.790064 19.113241
-4.285325 32.061939 19.251156
-2.524786 32.134125 19.794052
-1.116357 32.191875 20.228369
1.073291 31.802137 20.575823
2.825009 31.490347 20.853783
5.289286 30.950291 20.931967
7.260708 30.518246 20.994511
9.748905 29.446045 20.900360
11.739463 28.588287 20.825039
14.242970 26.884892 21.197346
16.245775 25.522175 21.495192
17.999863 23.705441 22.166031
19.403131 22.252052 22.702703
20.677591 20.217466 23.997168
21.697159 18.589798 25.032740
22.816498 16.561100 25.428635
23.711967 14.938143 25.745350
25.339407 13.203838 25.133595
26.641356 11.816395 24.644190
28.290291 10.706440 23.531727
29.609438 9.818476 22.641756
30.968445 8.236229 21.497217
32.055649 6.970432 20.581585
32.925415 5.957794 20.281643
33.621223 5.147684 20.041689
34.026028 4.063660 19.272974
34.349869 3.196440 18.658005
34.608944 1.194851 18.454401
34.816204 -0.406422 18.291523
34.678322 -2.849937 18.305405
34.568020 -4.804749 18.316511
34.176094 -7.531101 18.325396
33.862553 -9.712181 18.332506
33.156189 -12.619545 17.761438
32.591095 -14.945438 17.304588
31.531647 -17.242088 17.371668
30.684090 -19.079407 17.425335
28.943142 -21.421139 17.612455
27.550385 -23.294525 17.762152
25.525116 -25.229172 18.026098
23.904902 -26.776886 18.237251
22.153200 -28.015060 18.838741
20.751839 -29.005600 19.319931
18.871534 -29.798027 19.416510
17.367290 -30.431969 19.493771
15.860208 -31.375061 19.555578
14.654543 -32.129539 19.605026
12.930794 -32.878433 19.356209
11.551794 -33.477547 19.157156
9.841221 -33.956841 18.853724
8.472762 -34.340271 18.610979
7.074310 -34.792328 18.416782
5.955547 -35.153976 18.261427
4.908694 -35.297981 18.425514
4.071211 -35.413185 18.556786
3.553069 -35.650658 19.094370
3.138555 -35.840637 19.524435
3.110630 -35.847313 19.291735
3.088290 -35.852654 19.105576
3.374105 -35.711609 19.100838
4.241208 -35.944450 18.517260
4.751970 -36.220985 18.053431
5.008735 -36.296898 17.249807
5.214148 -36.357628 16.606905
5.682164 -36.987465 16.092585
6.056578 -37.491333 15.681128
6.356109 -37.458488 15.496150
6.595734 -37.432213 15.348167
6.939275 -37.265884 15.229782
7.214110 -37.132820 15.135074
7.433978 -37.171684 15.491871
7.609872 -37.202774 15.777308
6.839526 -37.372955 16.149847
6.223250 -37.509102 16.447876
5.426542 -37.472710 16.109549
4.789176 -37.443596 15.838887
3.975597 -37.274986 16.199110
3.324733 -37.140099 16.487286
2.652200 -36.886879 17.150393
2.114172 -36.684303 17.680878
0.924534 -36.667557 18.249453
-0.027177 -36.654160 18.704313
-0.940389 -36.643440 19.212389
-1.670958 -36.634865 19.618851
-2.559100 -36.482689 19.223080
-3.269614 -36.360954 18.906466
-5.052771 -36.118248 19.229921
-6.479297 -35.924088 19.488689
-8.227891 -35.042198 19.695702
-9.626766 -34.336685 19.861313
-11.960612 -33.336334 20.570553
-13.827690 -32.536057 21.137945
-16.232412 -30.878647 21.736048
-18.156189 -29.552719 22.214527
-20.454430 -26.748226 22.453125
-22.293020 -24.504631 22.644003
-24.371264 -21.547256 22.940895
-26.033863 -19.181355 23.178406
-27.363939 -16.416759 23.800980
-28.428003 -14.205082 24.299038
-29.279251 -11.273239 24.841673
-29.960253 -8.927765 25.275782
-30.353209 -5.743576 25.623068
-30.667572 -3.196224 25.900896
-30.159847 -0.286469 25.978970
-29.753668 2.041336 26.041430
-28.365822 4.775455 26.812336
-27.255543 6.962751 27.429062
-26.063635 9.584463 27.922443
-25.110107 11.681833 28.317148
-23.891756 14.086292 27.911972
-22.917076 16.009859 27.587833
-21.833643 17.839336 27.328520
-20.966898 19.302919 27.121071
-20.121658 21.200348 26.810923
-19.445467 22.718290 26.562805
-18.297142 24.077957 25.931747
-17.378479 25.165691 25.426901
-16.188019 26.471815 24.590460
-15.235653 27.516714 23.921307
-14.170074 28.788570 23.385983
-13.317609 29.806057 22.957726
-11.876420 30.620045 22.470932
-10.723470 31.271236 22.081495
-9.041894 32.228127 21.625759
-7.696631 32.993637 21.261173
-6.164893 33.315422 20.825314
-4.939501 33.572849 20.476624
-3.807345 33.633480 20.918615
-2.901619 33.681984 21.272207
-2.328882 33.575474 21.987642
-1.870693 33.490269 22.559994
-1.352299 32.986164 22.873684
-0.937582 32.582882 23.124638
-1.061340 31.679005 24.334715
-1.160346 30.955904 25.302778
-1.087708 30.813360 25.644665
-1.029597 30.699326 25.918173
-0.983107 31.334660 25.416040
-0.945916 31.842928 25.014334
-0.612477 32.104229 24.692970
-0.345725 32.313271 24.435879
-0.284167 32.625816 24.230206
-0.234921 32.875854 24.065666
-0.195524 32.639946 23.789848
-0.164007 32.451218 23.569193
-0.138792 32.300236 23.825233
-0.118622 32.179451 24.030064
0.049358 32.518761 23.905554
0.183743 32.790211 23.805946
-0.012436 33.152679 23.149508
-0.169379 33.442657 22.624355
-0.294934 33.674637 21.627485
-0.395377 33.860222 20.829988
-0.627576 34.444626 19.615236
-0.813334 34.912151 18.643438
-1.569314 35.722111 16.424120
-2.174099 36.370075 14.648665
-3.265299 37.179073 12.507362
-4.138260 37.826271 10.794319
-4.381098 38.489342 9.279698
-4.575368 39.019798 8.068000
-4.730785 39.153538 7.242830
-4.855118 39.260529 6.582694
-6.169332 38.910187 5.045270
-7.220702 38.629913 3.815331
-8.821015 38.405693 0.956936
-10.101266 38.226315 -1.329779
-11.732840 37.210941 -4.024278
-13.038097 36.398640 -6.179878
-14.234148 36.184738 -7.904358
-15.190989 36.013615 -9.283941
-16.108305 35.004841 -10.964358
-16.842157 34.197823 -12.308693
-17.581083 33.116272 -13.960913
-18.172224 32.251030 -15.282687
-18.341448 30.977585 -17.637798
-18.476828 29.958832 -19.521887
-18.433290 28.417265 -21.605911
-18.398458 27.184011 -23.273130
-17.915064 25.470846 -25.472033
-17.528349 24.100315 -27.231155
-17.674505 22.277327 -28.926830
-17.791431 20.818935 -30.283367
-17.581285 19.506912 -31.224409
-17.413168 18.457291 -31.977243
-17.126829 17.617594 -32.435322
-16.897762 16.945837 -32.801785
-16.107134 16.844370 -33.815899
-15.474629 16.763195 -34.627190
-14.361254 16.698256 -34.699459
-13.470553 16.646303 -34.757282
-12.757993 16.895367 -35.091919
-12.187944 17.094618 -35.359627
-11.580063 17.835270 -35.429607
-11.093757 18.427792 -35.485588
-10.856556 19.047121 -35.097813
-10.666795 19.542583 -34.787586
-10.363143 20.229580 -34.539413
-10.120222 20.779177 -34.340870
-10.381413 21.654791 -33.749466
-10.590368 22.355282 -33.276352
-10.302002 23.642239 -31.744352
-10.071308 24.671803 -30.518755
-10.190440 25.786079 -29.538275
-10.285746 26.677502 -28.753893
-10.361990 28.117201 -27.549635
-10.422986 29.268961 -26.586229
-11.079155 30.335682 -24.517813
-11.604091 31.189056 -22.863081
-11.720353 32.598320 -20.385792
-11.813362 33.725731 -18.403961
-12.039614 34.772972 -15.376618
-12.220614 35.610764 -12.954744
-11.606198 35.845062 -9.863741
-11.114665 36.032501 -7.390939
-10.873282 36.327763 -4.115006
-10.680177 36.563972 -1.494260
-10.677535 36.026379 1.611653
-10.675422 35.596302 4.096382
-10.673730 34.525681 7.670233
-10.672378 33.669182 10.529312
-10.519453 31.676170 13.970080
-10.397112 30.081760 16.722692
-10.602926 27.498421 20.078287
-10.767578 25.431749 22.762762
-11.658516 22.761223 25.054533
-12.371266 20.624804 26.887947
-13.093309 18.043793 28.787241
-13.670944 15.978985 30.306679
-14.284896 13.600574 31.378038
-14.776056 11.697847 32.235126
-14.561612 9.303791 33.064987
-14.390057 7.388546 33.728874
-13.797282 4.984474 34.692547
-13.323063 3.061216 35.463486
-12.488157 0.505421 36.368614
-11.820232 -1.539215 37.092709
-11.134050 -3.756172 37.239429
-10.585103 -5.529739 37.356804
-10.449634 -7.675156 37.162331
-10.341256 -9.391487 37.006744
-10.558242 -11.055180 36.738091
-10.731831 -12.386131 36.523170
-11.174388 -14.322769 35.774479
-11.528434 -15.872078 35.175529
-11.659827 -17.838089 34.119617
-11.764942 -19.410896 33.274887
-11.393504 -21.686333 31.589788
-11.096354 -23.506680 30.241707
-10.858632 -25.834831 28.586494
-10.668457 -27.697353 27.262321
-10.668159 -29.332684 25.193668
-10.667920 -30.640945 23.538748
-10.515887 -32.268806 20.772930
-10.394260 -33.571098 18.560278
-9.841428 -34.903557 14.194773
-9.399162 -35.969521 10.702370
-8.589821 -36.241043 5.024689
-7.942347 -36.458260 0.482545
-7.272525 -35.760155 -3.872110
-6.736667 -35.201675 -7.355834
-6.156137 -34.609581 -11.007939
-5.691713 -34.135902 -13.929625
-4.864645 -32.739769 -17.132101
-4.202990 -31.622864 -19.694082
-3.977352 -30.002777 -22.464603
-3.796842 -28.706711 -24.681023
-3.956121 -27.379234 -26.598347
-4.083544 -26.317253 -28.132204
-3.881795 -25.177040 -29.791857
-3.720396 -24.264870 -31.119576
-3.287591 -22.663258 -32.614315
-2.941346 -21.381969 -33.810108
-2.664351 -20.066315 -34.910934
-2.442755 -19.013790 -35.791592
-2.417321 -17.445210 -36.207737
-2.396974 -16.190346 -36.540661
-2.532540 -14.314579 -37.383747
-2.640991 -12.813965 -38.058212
-3.183284 -11.177536 -38.741974
-3.617117 -9.868393 -39.288986
-4.419714 -8.239826 -39.726597
-5.061791 -6.936974 -40.076679
-5.727297 -5.313442 -40.356750
-6.259701 -4.014618 -40.580814
-6.837468 -2.394306 -40.760056
-7.299681 -1.098057 -40.903446
-7.365765 -0.061058 -41.162350
-7.418633 0.768539 -41.369473
-7.612770 1.432220 -41.102612
-7.768079 1.963165 -40.889114
-8.499701 2.242607 -41.006699
-9.084997 2.466160 -41.100769
-9.401392 2.790316 -41.176022
-9.654507 3.049641 -41.236225
-10.312529 3.402412 -41.140194
-10.838947 3.684629 -41.063377
-11.867455 4.927589 -40.569355
-12.690260 5.921959 -40.174141
-13.348504 7.444016 -39.857964
-13.875101 8.661661 -39.605026
-15.055593 10.217028 -38.537552
-15.999989 11.461321 -37.683563
-16.907347 13.619257 -36.279442
-17.633234 15.345606 -35.156139
-18.517632 17.162622 -33.536560
-19.225147 18.616234 -32.240898
-20.094847 19.633812 -30.915993
-20.790609 20.447876 -29.856068
-21.650904 21.389750 -28.863941
-22.339142 22.143250 -28.070236
-22.889729 22.455425 -27.146898
-23.330200 22.705164 -26.408226
-23.682577 23.050268 -25.384727
-23.964479 23.326351 -24.565928
-24.341843 24.128469 -23.478323
-24.643734 24.770163 -22.608240
-24.733404 25.283518 -22.200550
-24.805140 25.694202 -21.874399
-24.558840 25.732124 -21.757666
-24.361803 25.762461 -21.664278
-23.900484 25.786732 -21.733755
-23.531431 25.806147 -21.789339
-23.539875 26.257618 -20.824490
-23.546631 26.618793 -20.052610
-24.159407 27.488985 -18.569979
-24.649628 28.185139 -17.383873
-24.738121 28.742060 -15.137299
-24.808912 29.187599 -13.340040
-25.472919 29.544029 -11.469670
-26.004128 29.829172 -9.973373
-25.821718 29.911976 -8.487960
-25.675791 29.978218 -7.299629
-25.862736 30.321836 -5.195461
-26.012291 30.596731 -3.512126
-26.131937 30.526024 -1.156144
-26.227652 30.469456 0.728642
-26.000540 30.424202 3.389974
-25.818848 30.387999 5.519040
-25.369808 30.213724 7.510667
-25.010576 30.074305 9.103970
-24.267660 29.962769 10.811174
-23.673328 29.873539 12.176940
-23.349709 29.366219 14.134678
-23.090807 28.960361 15.700871
-23.035534 27.763802 17.818951
-22.991314 26.806555 19.513414
-22.804094 24.732943 21.589926
-22.654320 23.074055 23.251135
-22.686342 20.439129 25.012665
-22.711962 18.331190 26.421888
-22.732454 16.063589 27.693457
-22.748850 14.249508 28.710711
-22.458281 11.926369 29.812889
-22.225824 10.067856 30.694633
-22.039860 8.145109 31.832592
-21.891087 6.606913 32.742958
-21.164696 4.649792 33.038685
-20.583584 3.084095 33.275269
-19.966850 1.104977 34.185478
-19.473463 -0.478321 34.913639
-18.775068 -1.744957 35.351982
-18.216351 -2.758266 35.702663
-17.617535 -4.150166 35.983200
-17.138481 -5.263683 36.207634
-16.603395 -6.154499 36.098801
-16.175325 -6.867149 36.011738
-16.136559 -7.873207 36.230461
-16.105543 -8.678055 36.405441
-15.625201 -9.321930 36.401237
-15.240929 -9.837032 36.397873
-14.933509 -10.249115 36.539375
-14.687574 -10.578781 36.652569
-14.642669 -10.987823 36.598938
-14.606745 -11.315060 36.556038
-14.729850 -11.867474 36.521713
-14.828333 -12.309406 36.494255
-14.755277 -12.953575 35.895535
-14.696832 -13.468910 35.416565
-14.801919 -14.607742 34.745007
-14.885988 -15.518806 34.207760
-15.105087 -16.974220 33.633778
-15.280367 -18.138550 33.174595
-15.268746 -19.941891 31.653740
-15.259451 -21.384563 30.437057
-14.948328 -23.846512 27.733458
-14.699429 -25.816071 25.570580
-13.285563 -28.263596 22.254208
-12.154471 -30.221619 19.601112
-10.642224 -32.078659 15.892567
-9.432425 -33.564293 12.925732
-8.009058 -35.043419 9.398761
-6.870364 -36.226723 6.577184
-5.200191 -36.882744 2.445480
-3.864053 -37.407555 -0.859883
-2.187770 -36.955528 -5.090241
-0.846743 -36.593910 -8.474527
0.985295 -36.159302 -11.902896
2.450925 -35.811615 -14.645590
3.471587 -34.806908 -17.128120
4.288116 -34.003143 -19.114145
5.548714 -32.924187 -21.135530
6.557192 -32.061028 -22.752638
7.667659 -30.498619 -24.623075
8.556032 -29.248695 -26.119423
9.114888 -27.812820 -27.604879
9.561974 -26.664120 -28.793242
10.223329 -25.018597 -29.888123
10.752411 -23.702179 -30.764027
11.327521 -22.939667 -32.041500
11.787610 -22.329659 -33.063477
12.307525 -21.405716 -33.160118
12.723456 -20.666561 -33.237438
13.663574 -20.220551 -33.443478
14.415669 -19.863743 -33.608315
15.472874 -19.723606 -33.451797
16.318638 -19.611496 -33.326595
17.147091 -19.085873 -32.938053
17.809855 -18.665375 -32.627216
19.251127 -18.328976 -31.801800
20.404144 -18.059856 -31.141462
21.478401 -17.553936 -30.613195
22.337805 -17.149200 -30.190582
23.177176 -16.825409 -29.996679
23.848669 -16.566376 -29.841555
24.234022 -17.231026 -28.852329
24.542301 -17.762745 -28.060947
24.637085 -18.914684 -27.139469
24.712908 -19.836235 -26.402285
24.318041 -21.300037 -25.235786
24.002148 -22.471081 -24.302586
23.749430 -23.843853 -22.835087
23.547256 -24.942070 -21.661089
23.081831 -26.401894 -20.289328
22.709490 -27.569752 -19.191917
21.956087 -28.794662 -17.448862
21.353365 -29.774590 -16.054417
20.111969 -31.721031 -13.929544
19.118855 -33.278191 -12.229648
17.413303 -34.233292 -10.004602
16.048864 -34.997375 -8.224567
15.412841 -35.753952 -6.079600
14.904021 -36.359215 -4.363626
14.496966 -36.698112 -2.702471
14.171323 -36.969231 -1.373547
13.910807 -37.040810 0.410532
13.702395 -37.098076 1.837795
13.383822 -37.289200 3.412169
13.128964 -37.442101 4.671668
12.925077 -37.273796 6.544394
12.761969 -37.139153 8.042576
12.327794 -36.886124 9.962060
11.980455 -36.683701 11.497647
11.550741 -36.376450 13.735433
11.206968 -36.130646 15.525661
10.476420 -35.207443 17.390408
9.891982 -34.468880 18.882204
9.879962 -33.587402 20.652391
9.870345 -32.882225 22.068544
9.558966 -31.882141 23.778215
9.309862 -31.082077 25.145954
9.110579 -30.151398 26.816896
8.951153 -29.406853 28.153650
8.368082 -28.084656 29.367243
7.901626 -27.026901 30.338116
7.832147 -26.180695 30.970625
7.776565 -25.503731 31.476633
7.883941 -24.380909 32.746567
7.969842 -23.482651 33.762512
7.734878 -21.892170 34.863647
7.546905 -20.619785 35.744553
7.092839 -18.148754 36.737656
6.729589 -16.171928 37.532135
5.679770 -12.992031 38.311909
4.839916 -10.448112 38.935722
3.105129 -7.250477 39.290596
1.717300 -4.692368 39.574486
-0.607710 -1.919319 39.513226
-2.467719 0.299118 39.464218
-5.170472 2.219181 39.136631
-7.332674 3.755232 38.874565
-10.580869 4.984072 37.655598
-13.179425 5.967144 36.680424
-16.776703 6.172352 34.746780
-19.654526 6.336519 33.199867
-22.716000 5.741289 30.808832
-25.165180 5.265106 28.896006
-27.731897 4.302910 26.500614
-29.785271 3.533154 24.584303
-32.187187 2.336098 22.041939
-34.108715 1.378452 20.008047
-35.190411 0.467026 18.380936
-36.055771 -0.262115 17.079243
-36.748055 -0.700119 15.749516
-37.301888 -1.050522 14.685734
-37.896790 -1.476154 14.123084
-38.372715 -1.816662 13.672963
-38.905300 -2.379692 13.024491
-39.331367 -2.830116 12.505714
-39.520374 -3.335770 12.090693
-39.671585 -3.740292 11.758675
-39.792549 -3.773285 11.781436
-39.814899 -3.675480 11.525836
-39.755356 -3.576122 11.306790
-39.859570 -3.351322 10.843176
-39.942936 -3.171482 10.472286
-40.161476 -3.027611 10.463950
-40.336308 -2.912514 10.457281
-40.476173 -2.965748 10.740321
-40.588066 -3.008335 10.966754
-40.222046 -3.187717 11.436275
-39.929234 -3.331223 11.811892
-39.694984 -3.010090 12.400763
-39.507587 -2.753185 12.871859
-39.053978 -2.692974 13.392922
-38.691093 -2.644806 13.809773
-38.248940 -2.896896 14.575818
-37.895214 -3.098568 15.188654
-37.460400 -3.114594 16.399862
-37.112541 -3.127411 17.368828
-36.682411 -3.137665 18.288191
-36.338310 -3.145870 19.023680
-35.759342 -3.443058 19.756256
-35.296169 -3.680809 20.342321
-34.925629 -3.580383 21.099546
-34.629192 -3.500046 21.705328
-34.392052 -4.017025 22.045765
-34.202335 -4.430607 22.318115
-33.746872 -4.470848 23.256935
-33.382504 -4.503040 24.007990
-32.483639 -4.819420 25.329773
-31.764544 -5.072525 26.387201
-30.126364 -5.420322 28.098269
-28.815821 -5.698559 29.467123
-26.856327 -5.485210 30.706394
-25.288731 -5.314529 31.697811
-23.579126 -5.032673 33.067699
-22.211441 -4.807190 34.163605
-20.358076 -3.464302 35.328709
-18.875383 -2.389992 36.260788
-17.081858 -0.949295 36.573895
-15.647037 0.203262 36.824375
-14.195493 2.578434 37.024757
-13.034258 4.478573 37.185066
-11.801583 6.725246 36.736561
-10.815444 8.522585 36.377758
-10.785748 10.977642 35.658150
-10.761992 12.941689 35.082466
-11.046674 14.948864 33.612602
-11.274419 16.554604 32.436714
-12.063989 18.420444 30.486685
-12.695645 19.913118 28.926661
-14.112029 21.833820 26.525141
-15.245136 23.370380 24.603924
-16.151623 25.180880 21.336697
-16.876812 26.629278 18.722916
-18.216179 27.497372 15.478386
-19.287674 28.191849 12.882762
-19.385653 29.183365 9.941136
-19.464037 29.976580 7.587837
-19.526743 30.901777 4.840068
-19.576908 31.641933 2.641854
-19.920725 32.234058 0.739095
-20.195780 32.707760 -0.783112
-20.263981 33.086720 -1.712502
-20.318542 33.389889 -2.456014
-20.058504 33.777737 -2.474072
-19.850473 34.088013 -2.488519
-19.076675 34.336235 -1.058197
-18.457638 34.534813 0.086060
-16.899504 34.548363 2.299156
-15.652996 34.559204 4.069634
-13.441044 34.131939 7.216270
-11.671483 33.790123 9.733580
-9.344772 32.790112 12.612554
-7.483406 31.990103 14.915733
-5.083252 30.332907 17.190842
-3.163129 29.007151 19.010927
0.043246 26.929358 21.187935
2.608346 25.267122 22.929541
5.723330 22.629522 24.755390
8.215317 20.519444 26.216070
10.664436 17.087629 27.528801
12.623731 14.342178 28.578985
14.191168 9.675505 29.274946
15.445116 5.942165 29.831715
15.537216 1.211742 30.421316
15.610896 -2.572594 30.892998
14.606936 -7.053188 30.837778
13.803769 -10.637665 30.793606
11.794643 -14.086494 30.181515
10.187344 -16.845558 29.691841
7.383070 -19.343437 29.444290
5.139653 -21.341740 29.246250
2.737545 -22.795067 28.943630
0.815859 -23.957729 28.701534
-1.025177 -24.597233 29.372984
-2.498006 -25.108837 29.910145
-3.524425 -24.500935 30.628248
-4.345560 -24.014610 31.202730
-4.850625 -22.463051 32.527447
-5.254677 -21.221802 33.587215
-6.033449 -18.194431 34.723408
-6.656466 -15.772533 35.632362
-7.610409 -12.236576 36.359524
-8.373565 -9.407810 36.941257
-8.984089 -4.965111 36.397324
-9.472507 -1.410950 35.962185
-9.407713 3.757378 34.460564
-9.355878 7.892040 33.259266
-8.555193 12.652895 31.288918
-7.914644 16.461578 29.712635
-7.402206 20.089775 26.865543
-6.992255 22.992332 24.587870
-7.119824 25.605003 21.756418
-7.221880 27.695141 19.491255
-7.607211 29.657875 17.534937
-7.915475 31.228062 15.969882
-7.251028 32.484211 14.285275
-6.719469 33.489132 12.937589
-5.838693 34.583694 11.859440
-5.134071 35.459343 10.996922
-3.963001 35.578609 10.451095
-3.026145 35.674026 10.014433
-2.428503 36.040985 9.953479
-1.950389 36.334549 9.904716
-1.719742 36.424088 10.154082
-1.535224 36.495720 10.353575
-1.843139 36.262402 10.080605
-2.089472 36.075745 9.862228
-2.590225 35.781109 10.120091
-2.990827 35.545399 10.326383
-3.463152 35.211521 11.644917
-3.841012 34.944416 12.699744
-3.991457 34.294796 14.264547
-4.111812 33.775097 15.516389
-4.511783 32.632778 17.238802
-4.831760 31.718922 18.616732
-5.543272 30.406588 20.728392
-6.112481 29.356720 22.417717
-7.478908 27.935575 23.769180
-8.572050 26.798660 24.850349
-9.750250 25.162565 25.859474
-10.692810 23.853689 26.666771
-11.598701 22.515965 27.168423
-12.323415 21.445784 27.569744
-13.206872 20.299015 28.179176
-13.913638 19.381599 28.666723
-15.086424 18.066416 29.200947
-16.024652 17.014271 29.628326
-17.078922 16.027241 30.114418
-17.922337 15.237617 30.503292
-19.204443 13.879356 30.814392
-20.230129 12.792747 31.063271
-21.809893 11.778149 30.397245
-23.073704 10.966469 29.864426
-25.147657 10.026499 28.284668
-26.806820 9.274523 27.020861
-28.893366 8.237005 25.288876
-30.562601 7.406992 23.903288
-32.201679 5.144543 21.929691
-33.512939 3.334583 20.350811
-34.106419 0.724117 19.376085
-34.581200 -1.364258 18.596306
-34.809185 -3.616207 18.549232
-34.991570 -5.417767 18.511574
-34.985634 -6.568390 18.193069
-34.980892 -7.488888 17.938267
-36.039993 -7.208099 16.725111
-36.887280 -6.983467 15.754584
-37.565109 -5.205326 13.824660
-38.107365 -3.782810 12.280722
-38.237492 -1.336987 11.622322
-38.341591 0.619675 11.095603
-37.210121 4.219378 11.683543
-36.304943 7.099138 12.153894
-32.392097 11.437323 13.251115
-29.261818 14.907871 14.128892
-22.809669 18.992123 13.533422
-17.647947 22.259521 13.057046
-9.570645 24.146881 10.224751
-3.108803 25.656767 7.958916
4.490164 22.941238 3.839242
10.569337 20.768814 0.543502
15.280831 14.380877 -3.102404
19.050028 9.270525 -6.019130
19.787735 2.421307 -9.073450
20.377901 -3.058067 -11.516907
19.027914 -7.877506 -14.625175
17.947926 -11.733055 -17.111788
15.109969 -15.108120 -19.533644
12.839604 -17.808170 -21.471127
8.441978 -19.822899 -23.165302
4.923875 -21.434681 -24.520643
-0.471943 -20.980358 -25.316538
-4.788598 -20.616898 -25.953255
-9.456669 -18.437069 -26.606817
-13.191125 -16.693207 -27.129665
-16.482376 -12.973118 -27.980509
-19.115377 -9.997044 -28.661180
-20.614405 -4.855247 -29.061531
-21.813627 -0.741810 -29.381813
-20.799042 5.019253 -28.772909
-19.987373 9.628101 -28.285789
-17.060389 15.204243 -26.165838
-14.718801 19.665157 -24.469877
-11.175255 23.233887 -20.517727
-8.340418 26.088873 -17.356005
-4.857801 27.936924 -12.807998
-2.071709 29.415363 -9.169592
1.827443 28.854366 -4.240238
4.946764 28.405567 -0.296755
8.353279 26.302778 5.020850
11.078493 24.620548 9.274935
12.195761 21.676325 13.831705
13.089574 19.320946 17.477121
12.438035 17.000708 21.258581
11.916804 15.144516 24.283749
9.525857 13.804874 26.848072
7.613099 12.733162 28.899530
3.501556 12.602354 30.540695
0.212321 12.497707 31.853628
-3.481970 14.448366 31.173719
-6.437403 16.008892 30.629793
-8.953592 18.855751 28.031834
-10.966544 21.133238 25.953468
-13.184278 22.809916 22.560518
-14.958467 24.151257 19.846161
-17.288877 25.514956 15.367667
-19.153206 26.605915 11.784872
-19.885450 27.769306 7.620946
-20.471247 28.700020 4.289805
-18.814075 30.316465 0.759764
-17.488340 31.609623 -2.064268
-13.694574 32.644150 -5.188621
-10.659559 33.471767 -7.688103
-5.802055 32.971363 -9.976066
-1.916051 32.571041 -11.806435
3.318558 30.507032 -14.280045
7.506244 28.855825 -16.258934
11.615610 24.337986 -18.851360
14.903103 20.723713 -20.925301
16.925726 15.071356 -23.305393
18.543821 10.549471 -25.209467
18.927238 5.478838 -26.876913
19.233973 1.422333 -28.210869
18.112770 -1.241623 -30.287350
17.215809 -3.372787 -31.948534
14.827964 -4.205845 -33.421669
12.917687 -4.872292 -34.600182
10.022875 -4.678883 -35.687176
7.707026 -4.524155 -36.556767
4.791444 -2.947250 -37.540825
2.458978 -1.685726 -38.328064
1.352222 1.357868 -38.525291
0.466817 3.792744 -38.683079
0.669553 7.920332 -37.511612
0.831742 11.222403 -36.574444
2.176240 15.753122 -33.950264
3.251839 19.377697 -31.850922
5.478909 22.277359 -26.999311
7.260562 24.597086 -23.118025
9.596946 25.871618 -17.129238
11.466052 26.891245 -12.338209
12.961337 25.963196 -5.910004
14.157565 25.220757 -0.767440
14.962706 22.883053 5.653617
15.606818 21.012894 10.790463
13.844458 17.918327 16.197630
12.434568 15.442675 20.523365
9.029008 13.026215 24.272327
6.304560 11.093046 27.271498
1.543664 10.854324 28.661520
-2.265051 10.663345 29.773539
-6.982301 11.382439 28.932898
-10.756101 11.957712 28.260384
-14.686201 13.144495 26.280495
-17.830280 14.093922 24.696583
-20.801075 15.580025 21.410822
-23.177710 16.768908 18.782217
-25.079018 18.591888 15.093263
-26.600063 20.050274 12.142101
-26.905840 21.798231 8.483479
-27.150463 23.196598 5.556583
-26.435099 25.187164 2.205751
-25.862808 26.779619 -0.474915
-24.645761 28.053583 -3.196199
-23.672123 29.072754 -5.373227
-21.374777 30.614653 -7.547411
-19.536903 31.848173 -9.286760
-17.155542 32.689674 -10.101487
-15.250454 33.362877 -10.753270
-12.511637 34.482689 -10.553756
-10.320583 35.378540 -10.394145
-7.656680 35.949905 -9.833892
-5.525558 36.407001 -9.385690
-2.605914 36.627361 -7.873626
-0.270199 36.803654 -6.663974
2.509434 36.508747 -4.975313
4.733140 36.272823 -3.624385
7.119477 35.357521 -1.678514
9.028548 34.625278 -0.121818
11.163177 33.894173 1.844479
12.870880 33.309288 3.417516
13.933356 32.696068 5.685261
14.783338 32.205490 7.499457
15.159635 31.377092 10.104317
15.460674 30.714375 12.188205
15.397819 29.893574 14.287878
15.347533 29.236935 15.967618
14.699933 28.711622 17.743973
14.181852 28.291372 19.165056
13.767387 27.519236 20.734488
13.435816 26.901525 21.990032
12.411342 26.116734 23.138657
11.591763 25.488899 24.057554
9.873196 25.131943 25.225237
8.498343 24.846380 26.159382
6.639245 24.908554 27.050886
5.151965 24.958294 27.764090
3.506612 25.143396 28.046278
2.190329 25.291479 28.272030
0.681773 25.409946 28.164253
-0.525073 25.504719 28.078032
-1.946078 25.871162 27.288116
-3.082883 26.164318 26.656183
-4.296014 26.398842 26.006449
-5.266518 26.586460 25.486662
-7.105824 27.027180 24.782457
-8.577270 27.379757 24.219091
-10.058112 27.661818 23.335836
-11.242787 27.887466 22.629232
-12.797899 28.358612 21.054634
-14.041989 28.735527 19.794954
-15.340949 29.472996 18.066273
-16.380116 30.062971 16.683327
-17.818823 30.825577 14.135093
-18.969788 31.435661 12.096503
-19.586874 31.923729 9.888881
-20.080542 32.314182 8.122783
-20.019947 32.626545 5.700590
-19.971472 32.876438 3.762835
-19.629004 33.512287 1.491692
-19.355030 34.020966 -0.325223
-18.528477 34.573223 -2.499694
-17.867235 35.015030 -4.239271
-16.427183 35.223160 -5.919308
-15.275140 35.389668 -7.263337
-13.594288 35.668182 -8.626937
-12.249608 35.890995 -9.717817
-10.110960 36.359871 -10.157957
-8.400042 36.734974 -10.510069
-6.423934 36.744427 -10.791759
-4.843047 36.751991 -11.017111
-3.122808 36.903355 -11.485768
-1.746618 37.024448 -11.860694
-0.038292 37.121319 -12.593199
1.328369 37.198818 -13.179202
3.332757 36.679565 -13.359630
4.936269 36.264168 -13.503970
7.130138 35.059971 -13.763632
8.885232 34.096615 -13.971361
11.504056 32.599365 -14.425920
13.599114 31.401567 -14.789567
15.730690 30.443329 -15.080485
17.435951 29.676737 -15.313219
18.648317 28.772839 -15.066842
19.618208 28.049721 -14.869741
20.697809 27.761852 -14.423685
21.561489 27.531557 -14.066838
21.948746 27.202007 -13.925550
22.258553 26.938370 -13.812518
21.899025 27.744644 -13.001155
21.611403 28.389666 -12.352064
19.103655 29.777557 -10.390911
17.097456 30.887871 -8.821990
12.911161 32.066746 -5.836598
9.562125 33.009846 -3.448285
3.997873 32.747139 0.048432
-0.453528 32.536976 2.845806
-6.444143 30.043842 5.372080
-11.236634 28.049335 7.393101
-16.892748 23.256857 8.721540
-21.417637 19.422873 9.784293
-24.733862 13.013498 9.913555
-27.386843 7.885998 10.016965
-28.750010 2.330872 10.820633
-29.840544 -2.113228 11.463566
-29.194538 -6.831009 12.554665
-28.677732 -10.605232 13.427543
-26.897701 -14.496487 14.702597
-25.473673 -17.609489 15.722641
-22.967863 -20.099892 17.115427
-20.963213 -22.092213 18.229658
-17.689219 -23.831383 20.130356
-15.070022 -25.222721 21.650915
-12.822821 -25.318604 23.732489
-11.025060 -25.395309 25.397749
-9.738695 -24.003548 28.027647
-8.709602 -22.890141 30.131567
-8.190016 -19.819725 32.247265
-7.774346 -17.363396 33.939827
-8.201027 -13.654579 35.293869
-8.542372 -10.687527 36.377106
-10.637568 -6.424820 35.946007
-12.313724 -3.014656 35.601131
-14.565710 0.730663 33.739155
-16.367298 3.726917 32.249577
-18.415939 7.431734 29.183474
-20.054857 10.395586 26.730591
-21.214144 13.929169 23.470594
-22.141577 16.756035 20.862597
-21.365088 20.180027 18.055258
-20.743896 22.919222 15.809387
-18.424826 25.982452 13.724316
-16.569567 28.433037 12.056258
-12.807711 30.248192 11.875315
-9.798225 31.700315 11.730560
-6.631421 32.135452 13.200824
-4.097977 32.483562 14.377034
-2.071222 31.890175 16.183130
-0.449818 31.415464 17.628008
-0.215598 30.309134 20.081600
-0.028223 29.424068 22.044472
-1.548598 27.553518 24.479900
-2.764899 26.057076 26.428242
-5.104529 23.842735 27.986914
-6.976233 22.071264 29.233852
-9.840186 19.927525 29.943027
-12.131349 18.212532 30.510366
-15.482713 15.387413 29.954922
-18.163803 13.127317 29.510567
-21.371578 10.592678 28.001581
-23.937799 8.564968 26.794392
-25.990776 7.088112 25.684452
-27.633156 5.906626 24.796501
-29.098906 4.961437 24.374516
-30.271505 4.205286 24.036926
-30.146683 4.326929 24.487795
-30.046822 4.424242 24.848490
-29.815090 4.792717 25.857986
-29.629705 5.087498 26.665583
-28.874023 5.613949 27.600037
-28.269480 6.035109 28.347597
-26.722940 7.389225 29.234024
-25.485710 8.472517 29.943165
-23.433020 10.501650 30.222101
-21.790869 12.124956 30.445250
-19.414246 14.440790 30.479580
-17.512947 16.293457 30.507046
-15.536377 18.647465 29.663891
-13.955122 20.530672 28.989365
-11.779058 22.763800 27.296244
-10.038207 24.550303 25.941746
-7.278936 26.415442 24.425583
-5.071520 27.907553 23.212654
-2.698214 29.101242 21.809748
-0.799568 30.056194 20.687422
1.630408 31.256092 18.780247
3.574389 32.216011 17.254505
5.888789 32.693321 15.889725
7.740311 33.075169 14.797901
9.373371 33.380650 12.915126
10.679819 33.625031 11.408906
11.876822 33.675224 9.194615
12.834423 33.715378 7.423183
14.359720 33.602192 6.006037
15.579958 33.511639 4.872320
17.011679 33.148575 3.821159
18.157057 32.858124 2.980230
19.073359 32.335136 2.595862
19.806400 31.916746 2.288368
20.392834 31.872658 2.763312
20.861980 31.837389 3.143267
21.389139 31.809174 3.735607
21.810867 31.786602 4.209480
22.451937 31.187294 4.876953
22.964790 30.707848 5.410932
23.223232 30.178978 6.991617
23.429985 29.755882 8.256166
23.595387 29.126780 9.411993
23.727705 28.623499 10.336655
23.681721 27.639624 12.085699
23.644934 26.852524 13.484935
23.767344 25.496281 15.469451
23.865276 24.411287 17.057062
23.488091 23.252666 19.048094
23.186344 22.325771 20.640917
22.337570 21.148315 22.636116
21.658550 20.206352 24.232275
20.659807 19.162157 26.230141
19.860811 18.326801 27.828436
18.006868 17.222578 29.828009
16.523714 16.339199 31.427668
13.818759 15.196558 32.851582
11.654794 14.282446 33.990715
8.405187 12.388657 35.334583
5.805503 10.873625 36.409679
1.751792 7.917850 36.837193
-1.491177 5.553230 37.179199
-5.452141 1.481846 36.443493
-8.620914 -1.775261 35.854931
-12.370677 -5.688759 32.932880
-15.370488 -8.819557 30.595243
-18.681396 -11.905445 25.841375
-21.330126 -14.374157 22.038282
-23.904634 -15.913189 15.823673
-25.964245 -17.144417 10.851987
-27.004557 -16.966896 4.567631
-27.836811 -16.824879 -0.459853
-27.287865 -14.822205 -6.356284
-26.848707 -13.220066 -11.073428
-25.434481 -10.339916 -16.433210
-24.303097 -8.035797 -20.721035
-21.575871 -5.320625 -24.728046
-19.394093 -3.148487 -27.933655
-16.889450 -1.410778 -30.642330
-14.885737 -0.020611 -32.809269
-12.068020 0.510273 -34.398640
-9.813846 0.934978 -35.670128
-7.251291 0.257557 -36.687317
-5.201246 -0.284378 -37.501072
-3.105680 -1.735115 -37.863705
-1.429228 -2.895706 -38.153805
0.367463 -5.567928 -37.809132
1.804817 -7.705704 -37.533401
3.410230 -10.578426 -36.591866
4.694560 -12.876606 -35.838642
5.570181 -15.441711 -34.082565
6.270678 -17.493797 -32.677704
6.375545 -20.879215 -30.111933
6.459439 -23.587547 -28.059315
5.463651 -26.335464 -24.254404
4.667021 -28.533798 -21.210474
2.207596 -30.583092 -16.468325
0.240056 -32.222527 -12.674606
